Strategy,Future.ID,Year,Technology,Fuel,Emission,AccumulatedNewCapacity,AnnualEmissions,AnnualFixedOperatingCost,AnnualTechnologyEmission,AnnualTechnologyEmissionPenaltyByEmission,AnnualTechnologyEmissionsPenalty,AnnualVariableOperatingCost,CapitalInvestment,Demand,DiscountedCapitalInvestment,DiscountedOperatingCost,DiscountedSalvageValue,DiscountedTechnologyEmissionsPenalty,NewCapacity,OperatingCost,ProductionByTechnology,RateOfProductionByTechnologyByMode,SalvageValue,TotalCapacityAnnual,TotalDiscountedCost,TotalDiscountedCostByTechnology,TotalTechnologyAnnualActivity,UseByTechnology,Externalities2025,Capex2025,Opex2025,FixedOpex2025,VarOpex2025
BAU,14,2021,DIST_DSL,,,9.3141242,,,,,,,,,,,,,9.3141242,,,,,9.3141242,,,9.3141242,,,,,,
BAU,14,2022,DIST_DSL,,,10.088475,,,,,,,,,,,,,10.088475,,,,,10.088475,,,10.088475,,,,,,
BAU,14,2023,DIST_DSL,,,10.558755,,,,,,,,,,,,,10.558755,,,,,10.558755,,,10.558755,,,,,,
BAU,14,2024,DIST_DSL,,,10.76274,,,,,,,,,,,,,10.76274,,,,,10.76274,,,10.76274,,,,,,
BAU,14,2025,DIST_DSL,,,10.970848,,,,,,,,,,,,,10.970848,,,,,10.970848,,,10.970848,,,,,,
BAU,14,2026,DIST_DSL,,,11.139703,,,,,,,,,,,,,11.139703,,,,,11.139703,,,11.139703,,,,,,
BAU,14,2027,DIST_DSL,,,11.228357,,,,,,,,,,,,,11.228357,,,,,11.228357,,,11.228357,,,,,,
BAU,14,2028,DIST_DSL,,,11.391369,,,,,,,,,,,,,11.391369,,,,,11.391369,,,11.391369,,,,,,
BAU,14,2029,DIST_DSL,,,11.558019,,,,,,,,,,,,,11.558019,,,,,11.558019,,,11.558019,,,,,,
BAU,14,2030,DIST_DSL,,,11.726702,,,,,,,,,,,,,11.726702,,,,,11.726702,,,11.726702,,,,,,
BAU,14,2031,DIST_DSL,,,11.916995,,,,,,,,,,,,,11.916995,,,,,11.916995,,,11.916995,,,,,,
BAU,14,2032,DIST_DSL,,,12.105116,,,,,,,,,,,,,12.105116,,,,,12.105116,,,12.105116,,,,,,
BAU,14,2033,DIST_DSL,,,12.290591,,,,,,,,,,,,,12.290591,,,,,12.290591,,,12.290591,,,,,,
BAU,14,2034,DIST_DSL,,,12.474643,,,,,,,,,,,,,12.474643,,,,,12.474643,,,12.474643,,,,,,
BAU,14,2035,DIST_DSL,,,12.657447,,,,,,,,,,,,,12.657447,,,,,12.657447,,,12.657447,,,,,,
BAU,14,2036,DIST_DSL,,,12.887042,,,,,,,,,,,,,12.887042,,,,,12.887042,,,12.887042,,,,,,
BAU,14,2037,DIST_DSL,,,13.159956,,,,,,,,,,,,,13.159956,,,,,13.159956,,,13.159956,,,,,,
BAU,14,2038,DIST_DSL,,,13.386164,,,,,,,,,,,,,13.386164,,,,,13.386164,,,13.386164,,,,,,
BAU,14,2039,DIST_DSL,,,13.610088,,,,,,,,,,,,,13.610088,,,,,13.610088,,,13.610088,,,,,,
BAU,14,2040,DIST_DSL,,,13.830349,,,,,,,,,,,,,13.830349,,,,,13.830349,,,13.830349,,,,,,
BAU,14,2041,DIST_DSL,,,14.189998,,,,,,,,,,,,,14.189998,,,,,14.189998,,,14.189998,,,,,,
BAU,14,2042,DIST_DSL,,,14.547889,,,,,,,,,,,,,14.547889,,,,,14.547889,,,14.547889,,,,,,
BAU,14,2043,DIST_DSL,,,14.910873,,,,,,,,,,,,,14.910873,,,,,14.910873,,,14.910873,,,,,,
BAU,14,2044,DIST_DSL,,,15.273397,,,,,,,,,,,,,15.273397,,,,,15.273397,,,15.273397,,,,,,
BAU,14,2045,DIST_DSL,,,15.640266,,,,,,,,,,,,,15.640266,,,,,15.640266,,,15.640266,,,,,,
BAU,14,2046,DIST_DSL,,,16.048595,,,,,,,,,,,,,16.048595,,,,,16.048595,,,16.048595,,,,,,
BAU,14,2047,DIST_DSL,,,16.468045,,,,,,,,,,,,,16.468045,,,,,16.468045,,,16.468045,,,,,,
BAU,14,2048,DIST_DSL,,,16.890931,,,,,,,,,,,,,16.890931,,,,,16.890931,,,16.890931,,,,,,
BAU,14,2049,DIST_DSL,,,17.317329,,,,,,,,,,,,,17.317329,,,,,17.317329,,,17.317329,,,,,,
BAU,14,2050,DIST_DSL,,,17.745323,,,,,,,,,,,,,17.745323,,,,,17.745323,,,17.745323,,,,,,
BAU,14,2051,DIST_DSL,,,18.121293,,,,,,,,,,,,,18.121293,,,,,18.121293,,,18.121293,,,,,,
BAU,14,2052,DIST_DSL,,,18.503681,,,,,,,,,,,,,18.503681,,,,,18.503681,,,18.503681,,,,,,
BAU,14,2053,DIST_DSL,,,18.895949,,,,,,,,,,,,,18.895949,,,,,18.895949,,,18.895949,,,,,,
BAU,14,2054,DIST_DSL,,,19.294027,,,,,,,,,,,,,19.294027,,,,,19.294027,,,19.294027,,,,,,
BAU,14,2055,DIST_DSL,,,19.701066,,,,,,,,,,,,,19.701066,,,,,19.701066,,,19.701066,,,,,,
BAU,14,2021,DIST_GSL,,,20.878045,,,,,,,,,,,,,20.878045,,,,,20.878045,,,20.878045,,,,,,
BAU,14,2022,DIST_GSL,,,22.576075,,,,,,,,,,,,,22.576075,,,,,22.576075,,,22.576075,,,,,,
BAU,14,2023,DIST_GSL,,,23.629716,,,,,,,,,,,,,23.629716,,,,,23.629716,,,23.629716,,,,,,
BAU,14,2024,DIST_GSL,,,24.082654,,,,,,,,,,,,,24.082654,,,,,24.082654,,,24.082654,,,,,,
BAU,14,2025,DIST_GSL,,,24.54924,,,,,,,,,,,,,24.54924,,,,,24.54924,,,24.54924,,,,,,
BAU,14,2026,DIST_GSL,,,24.925077,,,,,,,,,,,,,24.925077,,,,,24.925077,,,24.925077,,,,,,
BAU,14,2027,DIST_GSL,,,25.197644,,,,,,,,,,,,,25.197644,,,,,25.197644,,,25.197644,,,,,,
BAU,14,2028,DIST_GSL,,,25.477884,,,,,,,,,,,,,25.477884,,,,,25.477884,,,25.477884,,,,,,
BAU,14,2029,DIST_GSL,,,25.746492,,,,,,,,,,,,,25.746492,,,,,25.746492,,,25.746492,,,,,,
BAU,14,2030,DIST_GSL,,,26.005296,,,,,,,,,,,,,26.005296,,,,,26.005296,,,26.005296,,,,,,
BAU,14,2031,DIST_GSL,,,26.295859,,,,,,,,,,,,,26.295859,,,,,26.295859,,,26.295859,,,,,,
BAU,14,2032,DIST_GSL,,,26.580145,,,,,,,,,,,,,26.580145,,,,,26.580145,,,26.580145,,,,,,
BAU,14,2033,DIST_GSL,,,26.856574,,,,,,,,,,,,,26.856574,,,,,26.856574,,,26.856574,,,,,,
BAU,14,2034,DIST_GSL,,,27.125161,,,,,,,,,,,,,27.125161,,,,,27.125161,,,27.125161,,,,,,
BAU,14,2035,DIST_GSL,,,27.38704,,,,,,,,,,,,,27.38704,,,,,27.38704,,,27.38704,,,,,,
BAU,14,2036,DIST_GSL,,,27.7494,,,,,,,,,,,,,27.7494,,,,,27.7494,,,27.7494,,,,,,
BAU,14,2037,DIST_GSL,,,28.055567,,,,,,,,,,,,,28.055567,,,,,28.055567,,,28.055567,,,,,,
BAU,14,2038,DIST_GSL,,,28.398305,,,,,,,,,,,,,28.398305,,,,,28.398305,,,28.398305,,,,,,
BAU,14,2039,DIST_GSL,,,28.734572,,,,,,,,,,,,,28.734572,,,,,28.734572,,,28.734572,,,,,,
BAU,14,2040,DIST_GSL,,,29.059013,,,,,,,,,,,,,29.059013,,,,,29.059013,,,29.059013,,,,,,
BAU,14,2041,DIST_GSL,,,29.567996,,,,,,,,,,,,,29.567996,,,,,29.567996,,,29.567996,,,,,,
BAU,14,2042,DIST_GSL,,,30.071288,,,,,,,,,,,,,30.071288,,,,,30.071288,,,30.071288,,,,,,
BAU,14,2043,DIST_GSL,,,30.56557,,,,,,,,,,,,,30.56557,,,,,30.56557,,,30.56557,,,,,,
BAU,14,2044,DIST_GSL,,,31.054894,,,,,,,,,,,,,31.054894,,,,,31.054894,,,31.054894,,,,,,
BAU,14,2045,DIST_GSL,,,31.538833,,,,,,,,,,,,,31.538833,,,,,31.538833,,,31.538833,,,,,,
BAU,14,2046,DIST_GSL,,,32.084157,,,,,,,,,,,,,32.084157,,,,,32.084157,,,32.084157,,,,,,
BAU,14,2047,DIST_GSL,,,32.624154,,,,,,,,,,,,,32.624154,,,,,32.624154,,,32.624154,,,,,,
BAU,14,2048,DIST_GSL,,,33.156269,,,,,,,,,,,,,33.156269,,,,,33.156269,,,33.156269,,,,,,
BAU,14,2049,DIST_GSL,,,33.681382,,,,,,,,,,,,,33.681382,,,,,33.681382,,,33.681382,,,,,,
BAU,14,2050,DIST_GSL,,,34.202482,,,,,,,,,,,,,34.202482,,,,,34.202482,,,34.202482,,,,,,
BAU,14,2051,DIST_GSL,,,34.790659,,,,,,,,,,,,,34.790659,,,,,34.790659,,,34.790659,,,,,,
BAU,14,2052,DIST_GSL,,,35.388889,,,,,,,,,,,,,35.388889,,,,,35.388889,,,35.388889,,,,,,
BAU,14,2053,DIST_GSL,,,35.997632,,,,,,,,,,,,,35.997632,,,,,35.997632,,,35.997632,,,,,,
BAU,14,2054,DIST_GSL,,,36.614821,,,,,,,,,,,,,36.614821,,,,,36.614821,,,36.614821,,,,,,
BAU,14,2055,DIST_GSL,,,37.243971,,,,,,,,,,,,,37.243971,,,,,37.243971,,,37.243971,,,,,,
BAU,14,2021,DIST_FOI,,,1.3621228,,,,,,,,,,,,,1.3621228,,,,,1.3621228,,,1.3621228,,,,,,
BAU,14,2022,DIST_FOI,,,1.4736918,,,,,,,,,,,,,1.4736918,,,,,1.4736918,,,1.4736918,,,,,,
BAU,14,2023,DIST_FOI,,,1.5424107,,,,,,,,,,,,,1.5424107,,,,,1.5424107,,,1.5424107,,,,,,
BAU,14,2024,DIST_FOI,,,1.5719061,,,,,,,,,,,,,1.5719061,,,,,1.5719061,,,1.5719061,,,,,,
BAU,14,2025,DIST_FOI,,,1.602427,,,,,,,,,,,,,1.602427,,,,,1.602427,,,1.602427,,,,,,
BAU,14,2026,DIST_FOI,,,1.6465606,,,,,,,,,,,,,1.6465606,,,,,1.6465606,,,1.6465606,,,,,,
BAU,14,2027,DIST_FOI,,,1.7052858,,,,,,,,,,,,,1.7052858,,,,,1.7052858,,,1.7052858,,,,,,
BAU,14,2028,DIST_FOI,,,1.7503128,,,,,,,,,,,,,1.7503128,,,,,1.7503128,,,1.7503128,,,,,,
BAU,14,2029,DIST_FOI,,,1.795946,,,,,,,,,,,,,1.795946,,,,,1.795946,,,1.795946,,,,,,
BAU,14,2030,DIST_FOI,,,1.8421006,,,,,,,,,,,,,1.8421006,,,,,1.8421006,,,1.8421006,,,,,,
BAU,14,2031,DIST_FOI,,,1.8924304,,,,,,,,,,,,,1.8924304,,,,,1.8924304,,,1.8924304,,,,,,
BAU,14,2032,DIST_FOI,,,1.943635,,,,,,,,,,,,,1.943635,,,,,1.943635,,,1.943635,,,,,,
BAU,14,2033,DIST_FOI,,,1.9954562,,,,,,,,,,,,,1.9954562,,,,,1.9954562,,,1.9954562,,,,,,
BAU,14,2034,DIST_FOI,,,2.0476974,,,,,,,,,,,,,2.0476974,,,,,2.0476974,,,2.0476974,,,,,,
BAU,14,2035,DIST_FOI,,,2.100473,,,,,,,,,,,,,2.100473,,,,,2.100473,,,2.100473,,,,,,
BAU,14,2036,DIST_FOI,,,2.1624084,,,,,,,,,,,,,2.1624084,,,,,2.1624084,,,2.1624084,,,,,,
BAU,14,2037,DIST_FOI,,,2.2251038,,,,,,,,,,,,,2.2251038,,,,,2.2251038,,,2.2251038,,,,,,
BAU,14,2038,DIST_FOI,,,2.2884611,,,,,,,,,,,,,2.2884611,,,,,2.2884611,,,2.2884611,,,,,,
BAU,14,2039,DIST_FOI,,,2.3525294,,,,,,,,,,,,,2.3525294,,,,,2.3525294,,,2.3525294,,,,,,
BAU,14,2040,DIST_FOI,,,2.4175832,,,,,,,,,,,,,2.4175832,,,,,2.4175832,,,2.4175832,,,,,,
BAU,14,2041,DIST_FOI,,,2.4638163,,,,,,,,,,,,,2.4638163,,,,,2.4638163,,,2.4638163,,,,,,
BAU,14,2042,DIST_FOI,,,2.5099034,,,,,,,,,,,,,2.5099034,,,,,2.5099034,,,2.5099034,,,,,,
BAU,14,2043,DIST_FOI,,,2.5552506,,,,,,,,,,,,,2.5552506,,,,,2.5552506,,,2.5552506,,,,,,
BAU,14,2044,DIST_FOI,,,2.6001708,,,,,,,,,,,,,2.6001708,,,,,2.6001708,,,2.6001708,,,,,,
BAU,14,2045,DIST_FOI,,,2.6446565,,,,,,,,,,,,,2.6446565,,,,,2.6446565,,,2.6446565,,,,,,
BAU,14,2046,DIST_FOI,,,2.6948135,,,,,,,,,,,,,2.6948135,,,,,2.6948135,,,2.6948135,,,,,,
BAU,14,2047,DIST_FOI,,,2.7441546,,,,,,,,,,,,,2.7441546,,,,,2.7441546,,,2.7441546,,,,,,
BAU,14,2048,DIST_FOI,,,2.7931721,,,,,,,,,,,,,2.7931721,,,,,2.7931721,,,2.7931721,,,,,,
BAU,14,2049,DIST_FOI,,,2.8416722,,,,,,,,,,,,,2.8416722,,,,,2.8416722,,,2.8416722,,,,,,
BAU,14,2050,DIST_FOI,,,2.8895549,,,,,,,,,,,,,2.8895549,,,,,2.8895549,,,2.8895549,,,,,,
BAU,14,2051,DIST_FOI,,,2.9503749,,,,,,,,,,,,,2.9503749,,,,,2.9503749,,,2.9503749,,,,,,
BAU,14,2052,DIST_FOI,,,3.0127186,,,,,,,,,,,,,3.0127186,,,,,3.0127186,,,3.0127186,,,,,,
BAU,14,2053,DIST_FOI,,,3.0762145,,,,,,,,,,,,,3.0762145,,,,,3.0762145,,,3.0762145,,,,,,
BAU,14,2054,DIST_FOI,,,3.1409568,,,,,,,,,,,,,3.1409568,,,,,3.1409568,,,3.1409568,,,,,,
BAU,14,2055,DIST_FOI,,,3.2072352,,,,,,,,,,,,,3.2072352,,,,,3.2072352,,,3.2072352,,,,,,
BAU,14,2021,DIST_KER,,,1.0819,,,,,,,,,,,,,1.0819,,,,,1.0819,,,1.0819,,,,,,
BAU,14,2022,DIST_KER,,,1.1705,,,,,,,,,,,,,1.1705,,,,,1.1705,,,1.1705,,,,,,
BAU,14,2023,DIST_KER,,,1.2251,,,,,,,,,,,,,1.2251,,,,,1.2251,,,1.2251,,,,,,
BAU,14,2024,DIST_KER,,,1.2486,,,,,,,,,,,,,1.2486,,,,,1.2486,,,1.2486,,,,,,
BAU,14,2025,DIST_KER,,,1.2728,,,,,,,,,,,,,1.2728,,,,,1.2728,,,1.2728,,,,,,
BAU,14,2026,DIST_KER,,,1.2973,,,,,,,,,,,,,1.2973,,,,,1.2973,,,1.2973,,,,,,
BAU,14,2027,DIST_KER,,,1.3218,,,,,,,,,,,,,1.3218,,,,,1.3218,,,1.3218,,,,,,
BAU,14,2028,DIST_KER,,,1.3463,,,,,,,,,,,,,1.3463,,,,,1.3463,,,1.3463,,,,,,
BAU,14,2029,DIST_KER,,,1.3708,,,,,,,,,,,,,1.3708,,,,,1.3708,,,1.3708,,,,,,
BAU,14,2030,DIST_KER,,,1.3953,,,,,,,,,,,,,1.3953,,,,,1.3953,,,1.3953,,,,,,
BAU,14,2031,DIST_KER,,,1.4226,,,,,,,,,,,,,1.4226,,,,,1.4226,,,1.4226,,,,,,
BAU,14,2032,DIST_KER,,,1.45,,,,,,,,,,,,,1.45,,,,,1.45,,,1.45,,,,,,
BAU,14,2033,DIST_KER,,,1.4773,,,,,,,,,,,,,1.4773,,,,,1.4773,,,1.4773,,,,,,
BAU,14,2034,DIST_KER,,,1.5046,,,,,,,,,,,,,1.5046,,,,,1.5046,,,1.5046,,,,,,
BAU,14,2035,DIST_KER,,,1.5319,,,,,,,,,,,,,1.5319,,,,,1.5319,,,1.5319,,,,,,
BAU,14,2036,DIST_KER,,,1.5653,,,,,,,,,,,,,1.5653,,,,,1.5653,,,1.5653,,,,,,
BAU,14,2037,DIST_KER,,,1.5987,,,,,,,,,,,,,1.5987,,,,,1.5987,,,1.5987,,,,,,
BAU,14,2038,DIST_KER,,,1.6321,,,,,,,,,,,,,1.6321,,,,,1.6321,,,1.6321,,,,,,
BAU,14,2039,DIST_KER,,,1.6655,,,,,,,,,,,,,1.6655,,,,,1.6655,,,1.6655,,,,,,
BAU,14,2040,DIST_KER,,,1.6989,,,,,,,,,,,,,1.6989,,,,,1.6989,,,1.6989,,,,,,
BAU,14,2041,DIST_KER,,,1.7383,,,,,,,,,,,,,1.7383,,,,,1.7383,,,1.7383,,,,,,
BAU,14,2042,DIST_KER,,,1.7777,,,,,,,,,,,,,1.7777,,,,,1.7777,,,1.7777,,,,,,
BAU,14,2043,DIST_KER,,,1.817,,,,,,,,,,,,,1.817,,,,,1.817,,,1.817,,,,,,
BAU,14,2044,DIST_KER,,,1.8564,,,,,,,,,,,,,1.8564,,,,,1.8564,,,1.8564,,,,,,
BAU,14,2045,DIST_KER,,,1.8958,,,,,,,,,,,,,1.8958,,,,,1.8958,,,1.8958,,,,,,
BAU,14,2046,DIST_KER,,,1.9395,,,,,,,,,,,,,1.9395,,,,,1.9395,,,1.9395,,,,,,
BAU,14,2047,DIST_KER,,,1.9832,,,,,,,,,,,,,1.9832,,,,,1.9832,,,1.9832,,,,,,
BAU,14,2048,DIST_KER,,,2.0269,,,,,,,,,,,,,2.0269,,,,,2.0269,,,2.0269,,,,,,
BAU,14,2049,DIST_KER,,,2.0706,,,,,,,,,,,,,2.0706,,,,,2.0706,,,2.0706,,,,,,
BAU,14,2050,DIST_KER,,,2.1143,,,,,,,,,,,,,2.1143,,,,,2.1143,,,2.1143,,,,,,
BAU,14,2051,DIST_KER,,,2.1589,,,,,,,,,,,,,2.1589,,,,,2.1589,,,2.1589,,,,,,
BAU,14,2052,DIST_KER,,,2.2045,,,,,,,,,,,,,2.2045,,,,,2.2045,,,2.2045,,,,,,
BAU,14,2053,DIST_KER,,,2.251,,,,,,,,,,,,,2.251,,,,,2.251,,,2.251,,,,,,
BAU,14,2054,DIST_KER,,,2.2985,,,,,,,,,,,,,2.2985,,,,,2.2985,,,2.2985,,,,,,
BAU,14,2055,DIST_KER,,,2.347,,,,,,,,,,,,,2.347,,,,,2.347,,,2.347,,,,,,
BAU,14,2026,IMP_ELE,,,0.0082476,,,,,,,,,,,,,0.0082476,,,,,0.0082476,,,0.0082476,,,,,,
BAU,14,2027,IMP_ELE,,,0.01625562,,,,,,,,,,,,,0.01625562,,,,,0.01625562,,,0.01625562,,,,,,
BAU,14,2028,IMP_ELE,,,0.02521338,,,,,,,,,,,,,0.02521338,,,,,0.02521338,,,0.02521338,,,,,,
BAU,14,2029,IMP_ELE,,,0.0348564,,,,,,,,,,,,,0.0348564,,,,,0.0348564,,,0.0348564,,,,,,
BAU,14,2030,IMP_ELE,,,0.04468651,,,,,,,,,,,,,0.04468651,,,,,0.04468651,,,0.04468651,,,,,,
BAU,14,2031,IMP_ELE,,,0.05735428,,,,,,,,,,,,,0.05735428,,,,,0.05735428,,,0.05735428,,,,,,
BAU,14,2032,IMP_ELE,,,0.07061053,,,,,,,,,,,,,0.07061053,,,,,0.07061053,,,0.07061053,,,,,,
BAU,14,2033,IMP_ELE,,,0.08440081,,,,,,,,,,,,,0.08440081,,,,,0.08440081,,,0.08440081,,,,,,
BAU,14,2034,IMP_ELE,,,0.09873211,,,,,,,,,,,,,0.09873211,,,,,0.09873211,,,0.09873211,,,,,,
BAU,14,2035,IMP_ELE,,,0.11417904,,,,,,,,,,,,,0.11417904,,,,,0.11417904,,,0.11417904,,,,,,
BAU,14,2036,IMP_ELE,,,0.13025462,,,,,,,,,,,,,0.13025462,,,,,0.13025462,,,0.13025462,,,,,,
BAU,14,2037,IMP_ELE,,,0.14753716,,,,,,,,,,,,,0.14753716,,,,,0.14753716,,,0.14753716,,,,,,
BAU,14,2038,IMP_ELE,,,0.16526017,,,,,,,,,,,,,0.16526017,,,,,0.16526017,,,0.16526017,,,,,,
BAU,14,2039,IMP_ELE,,,0.1838395,,,,,,,,,,,,,0.1838395,,,,,0.1838395,,,0.1838395,,,,,,
BAU,14,2040,IMP_ELE,,,0.20382018,,,,,,,,,,,,,0.20382018,,,,,0.20382018,,,0.20382018,,,,,,
BAU,14,2041,IMP_ELE,,,0.22430697,,,,,,,,,,,,,0.22430697,,,,,0.22430697,,,0.22430697,,,,,,
BAU,14,2042,IMP_ELE,,,0.2464838,,,,,,,,,,,,,0.2464838,,,,,0.2464838,,,0.2464838,,,,,,
BAU,14,2043,IMP_ELE,,,0.26932307,,,,,,,,,,,,,0.26932307,,,,,0.26932307,,,0.26932307,,,,,,
BAU,14,2044,IMP_ELE,,,0.29314044,,,,,,,,,,,,,0.29314044,,,,,0.29314044,,,0.29314044,,,,,,
BAU,14,2045,IMP_ELE,,,0.31755465,,,,,,,,,,,,,0.31755465,,,,,0.31755465,,,0.31755465,,,,,,
BAU,14,2046,IMP_ELE,,,0.34337089,,,,,,,,,,,,,0.34337089,,,,,0.34337089,,,0.34337089,,,,,,
BAU,14,2047,IMP_ELE,,,0.37076878,,,,,,,,,,,,,0.37076878,,,,,0.37076878,,,0.37076878,,,,,,
BAU,14,2048,IMP_ELE,,,0.39941296,,,,,,,,,,,,,0.39941296,,,,,0.39941296,,,0.39941296,,,,,,
BAU,14,2049,IMP_ELE,,,0.42840606,,,,,,,,,,,,,0.42840606,,,,,0.42840606,,,0.42840606,,,,,,
BAU,14,2050,IMP_ELE,,,0.45863211,,,,,,,,,,,,,0.45863211,,,,,0.45863211,,,0.45863211,,,,,,
BAU,14,2051,IMP_ELE,,,0.47073036,,,,,,,,,,,,,0.47073036,,,,,0.47073036,,,0.47073036,,,,,,
BAU,14,2052,IMP_ELE,,,0.48373798,,,,,,,,,,,,,0.48373798,,,,,0.48373798,,,0.48373798,,,,,,
BAU,14,2053,IMP_ELE,,,0.49572972,,,,,,,,,,,,,0.49572972,,,,,0.49572972,,,0.49572972,,,,,,
BAU,14,2054,IMP_ELE,,,0.50931246,,,,,,,,,,,,,0.50931246,,,,,0.50931246,,,0.50931246,,,,,,
BAU,14,2055,IMP_ELE,,,0.52296823,,,,,,,,,,,,,0.52296823,,,,,0.52296823,,,0.52296823,,,,,,
BAU,14,2021,T4DSL_PRI,,,0.40072032,,,,,3.8775576,,,,,,,3.7833882,0.40072032,,,,,0.40072032,,,0.40072032,,,,,,
BAU,14,2022,T4DSL_PRI,,,0.44540496,,,,,4.3099471,,,,,,,4.0035003,0.44540496,,,,,0.44540496,,,0.44540496,,,,,,
BAU,14,2023,T4DSL_PRI,,,0.46594548,,,,,4.5087068,,,,,,,3.9871742,0.46594548,,,,,0.46594548,,,0.46594548,,,,,,
BAU,14,2024,T4DSL_PRI,,,0.47531484,,,,,4.5993691,,,,,,,3.872191,0.47531484,,,,,0.47531484,,,0.47531484,,,,,,
BAU,14,2025,T4DSL_PRI,,,0.48432384,,,,,4.6865444,,,,,,,3.7562676,0.48432384,,,,,0.48432384,,,0.48432384,,,,,,
BAU,14,2026,T4DSL_PRI,,,0.52576524,,,,,5.0875508,,,,,,,3.8820206,0.52576524,,,,,0.52576524,,,0.52576524,,,,,,
BAU,14,2027,T4DSL_PRI,,,0.5616312,,,,,5.4346067,,,,,,,3.9478667,0.5616312,,,,,0.5616312,,,0.5616312,,,,,,
BAU,14,2028,T4DSL_PRI,,,0.59670912,,,,,5.7740371,,,,,,,3.993183,0.59670912,,,,,0.59670912,,,0.59670912,,,,,,
BAU,14,2029,T4DSL_PRI,,,0.63926586,,,,,6.185836,,,,,,,4.0727086,0.63926586,,,,,0.63926586,,,0.63926586,,,,,,
BAU,14,2030,T4DSL_PRI,,,0.686049,,,,,6.6385316,,,,,,,4.1610435,0.686049,,,,,0.686049,,,0.686049,,,,,,
BAU,14,2031,T4DSL_PRI,,,0.73491483,,,,,7.1113803,,,,,,,4.2435509,0.73491483,,,,,0.73491483,,,0.73491483,,,,,,
BAU,14,2032,T4DSL_PRI,,,0.78510103,,,,,7.5970055,,,,,,,4.3158192,0.78510103,,,,,0.78510103,,,0.78510103,,,,,,
BAU,14,2033,T4DSL_PRI,,,0.83590665,,,,,8.0886244,,,,,,,4.3746243,0.83590665,,,,,0.83590665,,,0.83590665,,,,,,
BAU,14,2034,T4DSL_PRI,,,0.88804495,,,,,8.5931391,,,,,,,4.42449,0.88804495,,,,,0.88804495,,,0.88804495,,,,,,
BAU,14,2035,T4DSL_PRI,,,0.94151185,,,,,9.1105098,,,,,,,4.4658007,0.94151185,,,,,0.94151185,,,0.94151185,,,,,,
BAU,14,2036,T4DSL_PRI,,,0.999516,,,,,9.6717852,,,,,,,4.5134495,0.999516,,,,,0.999516,,,0.999516,,,,,,
BAU,14,2037,T4DSL_PRI,,,1.1037698,,,,,10.680594,,,,,,,4.7450703,1.1037698,,,,,1.1037698,,,1.1037698,,,,,,
BAU,14,2038,T4DSL_PRI,,,1.1657809,,,,,11.280642,,,,,,,4.7711859,1.1657809,,,,,1.1657809,,,1.1657809,,,,,,
BAU,14,2039,T4DSL_PRI,,,1.228062,,,,,11.883303,,,,,,,4.7849234,1.228062,,,,,1.228062,,,1.228062,,,,,,
BAU,14,2040,T4DSL_PRI,,,1.2923231,,,,,12.505124,,,,,,,4.7937026,1.2923231,,,,,1.2923231,,,1.2923231,,,,,,
BAU,14,2041,T4DSL_PRI,,,1.3102726,,,,,12.678812,,,,,,,4.6270793,1.3102726,,,,,1.3102726,,,1.3102726,,,,,,
BAU,14,2042,T4DSL_PRI,,,1.3271207,,,,,12.841841,,,,,,,4.4617062,1.3271207,,,,,1.3271207,,,1.3271207,,,,,,
BAU,14,2043,T4DSL_PRI,,,1.3446432,,,,,13.011398,,,,,,,4.3037091,1.3446432,,,,,1.3446432,,,1.3446432,,,,,,
BAU,14,2044,T4DSL_PRI,,,1.3610669,,,,,13.170321,,,,,,,4.1472538,1.3610669,,,,,1.3610669,,,1.3610669,,,,,,
BAU,14,2045,T4DSL_PRI,,,1.3774566,,,,,13.328916,,,,,,,3.9958057,1.3774566,,,,,1.3774566,,,1.3774566,,,,,,
BAU,14,2046,T4DSL_PRI,,,1.3991161,,,,,13.538503,,,,,,,3.8638962,1.3991161,,,,,1.3991161,,,1.3991161,,,,,,
BAU,14,2047,T4DSL_PRI,,,1.4270896,,,,,13.809188,,,,,,,3.7520467,1.4270896,,,,,1.4270896,,,1.4270896,,,,,,
BAU,14,2048,T4DSL_PRI,,,1.454695,,,,,14.076311,,,,,,,3.6411136,1.454695,,,,,1.454695,,,1.454695,,,,,,
BAU,14,2049,T4DSL_PRI,,,1.4825568,,,,,14.345915,,,,,,,3.532799,1.4825568,,,,,1.4825568,,,1.4825568,,,,,,
BAU,14,2050,T4DSL_PRI,,,1.5103622,,,,,14.614973,,,,,,,3.4263678,1.5103622,,,,,1.5103622,,,1.5103622,,,,,,
BAU,14,2051,T4DSL_PRI,,,1.535648,,,,,14.859649,,,,,,,3.3165749,1.535648,,,,,1.535648,,,1.535648,,,,,,
BAU,14,2052,T4DSL_PRI,,,1.5619367,,,,,15.114031,,,,,,,3.211492,1.5619367,,,,,1.5619367,,,1.5619367,,,,,,
BAU,14,2053,T4DSL_PRI,,,1.5881716,,,,,15.367893,,,,,,,3.1087525,1.5881716,,,,,1.5881716,,,1.5881716,,,,,,
BAU,14,2054,T4DSL_PRI,,,1.6150546,,,,,15.628025,,,,,,,3.0096862,1.6150546,,,,,1.6150546,,,1.6150546,,,,,,
BAU,14,2055,T4DSL_PRI,,,1.6425836,,,,,15.894408,,,,,,,2.9141155,1.6425836,,,,,1.6425836,,,1.6425836,,,,,,
BAU,14,2021,T4GSL_PRI,,,17.143098,,,,,19.776604,,,,,,,19.296314,17.143098,,,,,17.143098,,,17.143098,,,,,,
BAU,14,2022,T4GSL_PRI,,,18.534601,,,,,21.381868,,,,,,,19.86157,18.534601,,,,,18.534601,,,18.534601,,,,,,
BAU,14,2023,T4GSL_PRI,,,19.399787,,,,,22.379964,,,,,,,19.791221,19.399787,,,,,19.399787,,,19.399787,,,,,,
BAU,14,2024,T4GSL_PRI,,,19.771476,,,,,22.808751,,,,,,,19.202599,19.771476,,,,,19.771476,,,19.771476,,,,,,
BAU,14,2025,T4GSL_PRI,,,20.154526,,,,,23.250644,,,,,,,18.635403,20.154526,,,,,20.154526,,,20.154526,,,,,,
BAU,14,2026,T4GSL_PRI,,,20.466993,,,,,23.611113,,,,,,,18.016297,20.466993,,,,,20.466993,,,20.466993,,,,,,
BAU,14,2027,T4GSL_PRI,,,20.703068,,,,,23.883452,,,,,,,17.34968,20.703068,,,,,20.703068,,,20.703068,,,,,,
BAU,14,2028,T4GSL_PRI,,,20.935407,,,,,24.151484,,,,,,,16.702577,20.935407,,,,,20.935407,,,20.935407,,,,,,
BAU,14,2029,T4GSL_PRI,,,21.156552,,,,,24.406601,,,,,,,16.069126,21.156552,,,,,21.156552,,,21.156552,,,,,,
BAU,14,2030,T4GSL_PRI,,,21.368632,,,,,24.65126,,,,,,,15.451454,21.368632,,,,,21.368632,,,21.368632,,,,,,
BAU,14,2031,T4GSL_PRI,,,21.607399,,,,,24.926707,,,,,,,14.874433,21.607399,,,,,21.607399,,,21.607399,,,,,,
BAU,14,2032,T4GSL_PRI,,,21.83979,,,,,25.194797,,,,,,,14.313033,21.83979,,,,,21.83979,,,21.83979,,,,,,
BAU,14,2033,T4GSL_PRI,,,22.067055,,,,,25.456975,,,,,,,13.768064,22.067055,,,,,22.067055,,,22.067055,,,,,,
BAU,14,2034,T4GSL_PRI,,,22.287181,,,,,25.710915,,,,,,,13.238199,22.287181,,,,,22.287181,,,22.287181,,,,,,
BAU,14,2035,T4GSL_PRI,,,22.502481,,,,,25.959291,,,,,,,12.724756,22.502481,,,,,22.502481,,,22.502481,,,,,,
BAU,14,2036,T4GSL_PRI,,,22.799405,,,,,26.301827,,,,,,,12.274049,22.799405,,,,,22.799405,,,22.799405,,,,,,
BAU,14,2037,T4GSL_PRI,,,23.043024,,,,,26.58287,,,,,,,11.809979,23.043024,,,,,23.043024,,,23.043024,,,,,,
BAU,14,2038,T4GSL_PRI,,,23.325,,,,,26.908163,,,,,,,11.380899,23.325,,,,,23.325,,,23.325,,,,,,
BAU,14,2039,T4GSL_PRI,,,23.600515,,,,,27.226003,,,,,,,10.962805,23.600515,,,,,23.600515,,,23.600515,,,,,,
BAU,14,2040,T4GSL_PRI,,,23.867381,,,,,27.533865,,,,,,,10.554806,23.867381,,,,,23.867381,,,23.867381,,,,,,
BAU,14,2041,T4GSL_PRI,,,24.265272,,,,,27.992879,,,,,,,10.215884,24.265272,,,,,24.265272,,,24.265272,,,,,,
BAU,14,2042,T4GSL_PRI,,,24.656996,,,,,28.44478,,,,,,,9.8827144,24.656996,,,,,24.656996,,,24.656996,,,,,,
BAU,14,2043,T4GSL_PRI,,,25.040805,,,,,28.887549,,,,,,,9.554977,25.040805,,,,,25.040805,,,25.040805,,,,,,
BAU,14,2044,T4GSL_PRI,,,25.419212,,,,,29.324087,,,,,,,9.2339759,25.419212,,,,,25.419212,,,25.419212,,,,,,
BAU,14,2045,T4GSL_PRI,,,25.791545,,,,,29.753617,,,,,,,8.9196806,25.791545,,,,,25.791545,,,25.791545,,,,,,
BAU,14,2046,T4GSL_PRI,,,26.215005,,,,,30.242128,,,,,,,8.6311202,26.215005,,,,,26.215005,,,26.215005,,,,,,
BAU,14,2047,T4GSL_PRI,,,26.631964,,,,,30.723141,,,,,,,8.3476784,26.631964,,,,,26.631964,,,26.631964,,,,,,
BAU,14,2048,T4GSL_PRI,,,27.042182,,,,,31.196376,,,,,,,8.0695541,27.042182,,,,,27.042182,,,27.042182,,,,,,
BAU,14,2049,T4GSL_PRI,,,27.445063,,,,,31.661147,,,,,,,7.7968166,27.445063,,,,,27.445063,,,27.445063,,,,,,
BAU,14,2050,T4GSL_PRI,,,27.843602,,,,,32.120909,,,,,,,7.5304997,27.843602,,,,,27.843602,,,27.843602,,,,,,
BAU,14,2051,T4GSL_PRI,,,28.315718,,,,,32.665551,,,,,,,7.2907337,28.315718,,,,,28.315718,,,28.315718,,,,,,
BAU,14,2052,T4GSL_PRI,,,28.7969,,,,,33.220652,,,,,,,7.058862,28.7969,,,,,28.7969,,,28.7969,,,,,,
BAU,14,2053,T4GSL_PRI,,,29.285702,,,,,33.784543,,,,,,,6.8342344,29.285702,,,,,29.285702,,,29.285702,,,,,,
BAU,14,2054,T4GSL_PRI,,,29.781988,,,,,34.357068,,,,,,,6.6165745,29.781988,,,,,29.781988,,,29.781988,,,,,,
BAU,14,2055,T4GSL_PRI,,,30.286679,,,,,34.939289,,,,,,,6.4058455,30.286679,,,,,30.286679,,,30.286679,,,,,,
BAU,14,2026,T4ELE_PRI,,,0.005796,,,,,,,,,,,,,0.005796,,,,,0.005796,,,0.005796,,,,,,
BAU,14,2027,T4ELE_PRI,,,0.01180518,,,,,,,,,,,,,0.01180518,,,,,0.01180518,,,0.01180518,,,,,,
BAU,14,2028,T4ELE_PRI,,,0.01817012,,,,,,,,,,,,,0.01817012,,,,,0.01817012,,,0.01817012,,,,,,
BAU,14,2029,T4ELE_PRI,,,0.02475851,,,,,,,,,,,,,0.02475851,,,,,0.02475851,,,0.02475851,,,,,,
BAU,14,2030,T4ELE_PRI,,,0.03180123,,,,,,,,,,,,,0.03180123,,,,,0.03180123,,,0.03180123,,,,,,
BAU,14,2031,T4ELE_PRI,,,0.04080649,,,,,,,,,,,,,0.04080649,,,,,0.04080649,,,0.04080649,,,,,,
BAU,14,2032,T4ELE_PRI,,,0.05028562,,,,,,,,,,,,,0.05028562,,,,,0.05028562,,,0.05028562,,,,,,
BAU,14,2033,T4ELE_PRI,,,0.06018466,,,,,,,,,,,,,0.06018466,,,,,0.06018466,,,0.06018466,,,,,,
BAU,14,2034,T4ELE_PRI,,,0.07061946,,,,,,,,,,,,,0.07061946,,,,,0.07061946,,,0.07061946,,,,,,
BAU,14,2035,T4ELE_PRI,,,0.08138975,,,,,,,,,,,,,0.08138975,,,,,0.08138975,,,0.08138975,,,,,,
BAU,14,2036,T4ELE_PRI,,,0.09321286,,,,,,,,,,,,,0.09321286,,,,,0.09321286,,,0.09321286,,,,,,
BAU,14,2037,T4ELE_PRI,,,0.1054734,,,,,,,,,,,,,0.1054734,,,,,0.1054734,,,0.1054734,,,,,,
BAU,14,2038,T4ELE_PRI,,,0.11816082,,,,,,,,,,,,,0.11816082,,,,,0.11816082,,,0.11816082,,,,,,
BAU,14,2039,T4ELE_PRI,,,0.13149376,,,,,,,,,,,,,0.13149376,,,,,0.13149376,,,0.13149376,,,,,,
BAU,14,2040,T4ELE_PRI,,,0.14542364,,,,,,,,,,,,,0.14542364,,,,,0.14542364,,,0.14542364,,,,,,
BAU,14,2041,T4ELE_PRI,,,0.16041261,,,,,,,,,,,,,0.16041261,,,,,0.16041261,,,0.16041261,,,,,,
BAU,14,2042,T4ELE_PRI,,,0.17615005,,,,,,,,,,,,,0.17615005,,,,,0.17615005,,,0.17615005,,,,,,
BAU,14,2043,T4ELE_PRI,,,0.19240179,,,,,,,,,,,,,0.19240179,,,,,0.19240179,,,0.19240179,,,,,,
BAU,14,2044,T4ELE_PRI,,,0.2094229,,,,,,,,,,,,,0.2094229,,,,,0.2094229,,,0.2094229,,,,,,
BAU,14,2045,T4ELE_PRI,,,0.22705544,,,,,,,,,,,,,0.22705544,,,,,0.22705544,,,0.22705544,,,,,,
BAU,14,2046,T4ELE_PRI,,,0.24566308,,,,,,,,,,,,,0.24566308,,,,,0.24566308,,,0.24566308,,,,,,
BAU,14,2047,T4ELE_PRI,,,0.26525968,,,,,,,,,,,,,0.26525968,,,,,0.26525968,,,0.26525968,,,,,,
BAU,14,2048,T4ELE_PRI,,,0.28564841,,,,,,,,,,,,,0.28564841,,,,,0.28564841,,,0.28564841,,,,,,
BAU,14,2049,T4ELE_PRI,,,0.30688274,,,,,,,,,,,,,0.30688274,,,,,0.30688274,,,0.30688274,,,,,,
BAU,14,2050,T4ELE_PRI,,,0.32850171,,,,,,,,,,,,,0.32850171,,,,,0.32850171,,,0.32850171,,,,,,
BAU,14,2051,T4ELE_PRI,,,0.33730545,,,,,,,,,,,,,0.33730545,,,,,0.33730545,,,0.33730545,,,,,,
BAU,14,2052,T4ELE_PRI,,,0.346197,,,,,,,,,,,,,0.346197,,,,,0.346197,,,0.346197,,,,,,
BAU,14,2053,T4ELE_PRI,,,0.3554088,,,,,,,,,,,,,0.3554088,,,,,0.3554088,,,0.3554088,,,,,,
BAU,14,2054,T4ELE_PRI,,,0.3647777,,,,,,,,,,,,,0.3647777,,,,,0.3647777,,,0.3647777,,,,,,
BAU,14,2055,T4ELE_PRI,,,0.374357,,,,,,,,,,,,,0.374357,,,,,0.374357,,,0.374357,,,,,,
BAU,14,2021,T4GSL_PUB,,,2.8633138,,,,,3.3031732,,,,,,,3.2229532,2.8633138,,,,,2.8633138,,,2.8633138,,,,,,
BAU,14,2022,T4GSL_PUB,,,3.0982126,,,,,3.5741569,,,,,,,3.3200265,3.0982126,,,,,3.0982126,,,3.0982126,,,,,,
BAU,14,2023,T4GSL_PUB,,,3.2423468,,,,,3.7404329,,,,,,,3.3077684,3.2423468,,,,,3.2423468,,,3.2423468,,,,,,
BAU,14,2024,T4GSL_PUB,,,3.305241,,,,,3.8129889,,,,,,,3.2101405,3.305241,,,,,3.305241,,,3.305241,,,,,,
BAU,14,2025,T4GSL_PUB,,,3.3690796,,,,,3.8866343,,,,,,,3.1151393,3.3690796,,,,,3.3690796,,,3.3690796,,,,,,
BAU,14,2026,T4GSL_PUB,,,3.4266288,,,,,3.9530242,,,,,,,3.0163279,3.4266288,,,,,3.4266288,,,3.4266288,,,,,,
BAU,14,2027,T4GSL_PUB,,,3.4676678,,,,,4.0003676,,,,,,,2.905991,3.4676678,,,,,3.4676678,,,3.4676678,,,,,,
BAU,14,2028,T4GSL_PUB,,,3.5107236,,,,,4.0500375,,,,,,,2.8009071,3.5107236,,,,,3.5107236,,,3.5107236,,,,,,
BAU,14,2029,T4GSL_PUB,,,3.5537986,,,,,4.0997297,,,,,,,2.6992317,3.5537986,,,,,3.5537986,,,3.5537986,,,,,,
BAU,14,2030,T4GSL_PUB,,,3.5961466,,,,,4.1485832,,,,,,,2.6003393,3.5961466,,,,,3.5961466,,,3.5961466,,,,,,
BAU,14,2031,T4GSL_PUB,,,3.6422379,,,,,4.2017549,,,,,,,2.5072996,3.6422379,,,,,3.6422379,,,3.6422379,,,,,,
BAU,14,2032,T4GSL_PUB,,,3.6889113,,,,,4.2555983,,,,,,,2.4175832,3.6889113,,,,,3.6889113,,,3.6889113,,,,,,
BAU,14,2033,T4GSL_PUB,,,3.7337291,,,,,4.307301,,,,,,,2.3295461,3.7337291,,,,,3.7337291,,,3.7337291,,,,,,
BAU,14,2034,T4GSL_PUB,,,3.7783007,,,,,4.3587195,,,,,,,2.2442452,3.7783007,,,,,3.7783007,,,3.7783007,,,,,,
BAU,14,2035,T4GSL_PUB,,,3.821442,,,,,4.4084882,,,,,,,2.1609581,3.821442,,,,,3.821442,,,3.821442,,,,,,
BAU,14,2036,T4GSL_PUB,,,3.8799025,,,,,4.4759293,,,,,,,2.0887438,3.8799025,,,,,3.8799025,,,3.8799025,,,,,,
BAU,14,2037,T4GSL_PUB,,,3.9363752,,,,,4.5410773,,,,,,,2.0174656,3.9363752,,,,,3.9363752,,,3.9363752,,,,,,
BAU,14,2038,T4GSL_PUB,,,3.99196,,,,,4.605201,,,,,,,1.9477854,3.99196,,,,,3.99196,,,3.99196,,,,,,
BAU,14,2039,T4GSL_PUB,,,4.0479891,,,,,4.6698373,,,,,,,1.8803537,4.0479891,,,,,4.0479891,,,4.0479891,,,,,,
BAU,14,2040,T4GSL_PUB,,,4.1017365,,,,,4.7318412,,,,,,,1.8138996,4.1017365,,,,,4.1017365,,,4.1017365,,,,,,
BAU,14,2041,T4GSL_PUB,,,4.1710513,,,,,4.8118041,,,,,,,1.7560478,4.1710513,,,,,4.1710513,,,4.1710513,,,,,,
BAU,14,2042,T4GSL_PUB,,,4.239601,,,,,4.8908843,,,,,,,1.6992648,4.239601,,,,,4.239601,,,4.239601,,,,,,
BAU,14,2043,T4GSL_PUB,,,4.3067275,,,,,4.9683227,,,,,,,1.643345,4.3067275,,,,,4.3067275,,,4.3067275,,,,,,
BAU,14,2044,T4GSL_PUB,,,4.373475,,,,,5.045324,,,,,,,1.5887417,4.373475,,,,,4.373475,,,4.373475,,,,,,
BAU,14,2045,T4GSL_PUB,,,4.4392399,,,,,5.1211916,,,,,,,1.5352551,4.4392399,,,,,4.4392399,,,4.4392399,,,,,,
BAU,14,2046,T4GSL_PUB,,,4.5127177,,,,,5.205957,,,,,,,1.485783,4.5127177,,,,,4.5127177,,,4.5127177,,,,,,
BAU,14,2047,T4GSL_PUB,,,4.5861461,,,,,5.2906654,,,,,,,1.4375084,4.5861461,,,,,4.5861461,,,4.5861461,,,,,,
BAU,14,2048,T4GSL_PUB,,,4.6576559,,,,,5.3731604,,,,,,,1.3898733,4.6576559,,,,,4.6576559,,,4.6576559,,,,,,
BAU,14,2049,T4GSL_PUB,,,4.7282849,,,,,5.4546394,,,,,,,1.3432496,4.7282849,,,,,4.7282849,,,4.7282849,,,,,,
BAU,14,2050,T4GSL_PUB,,,4.7980317,,,,,5.5351006,,,,,,,1.2976617,4.7980317,,,,,4.7980317,,,4.7980317,,,,,,
BAU,14,2051,T4GSL_PUB,,,4.8801808,,,,,5.6298694,,,,,,,1.2565494,4.8801808,,,,,4.8801808,,,4.8801808,,,,,,
BAU,14,2052,T4GSL_PUB,,,4.9629484,,,,,5.7253517,,,,,,,1.2165465,4.9629484,,,,,4.9629484,,,4.9629484,,,,,,
BAU,14,2053,T4GSL_PUB,,,5.0469715,,,,,5.8222823,,,,,,,1.1777825,5.0469715,,,,,5.0469715,,,5.0469715,,,,,,
BAU,14,2054,T4GSL_PUB,,,5.132426,,,,,5.9208643,,,,,,,1.1402556,5.132426,,,,,5.132426,,,5.132426,,,,,,
BAU,14,2055,T4GSL_PUB,,,5.2193309,,,,,6.0211194,,,,,,,1.1039252,5.2193309,,,,,5.2193309,,,5.2193309,,,,,,
BAU,14,2026,T4ELE_PUB,,,0.0024516,,,,,,,,,,,,,0.0024516,,,,,0.0024516,,,0.0024516,,,,,,
BAU,14,2027,T4ELE_PUB,,,0.00445044,,,,,,,,,,,,,0.00445044,,,,,0.00445044,,,0.00445044,,,,,,
BAU,14,2028,T4ELE_PUB,,,0.00704326,,,,,,,,,,,,,0.00704326,,,,,0.00704326,,,0.00704326,,,,,,
BAU,14,2029,T4ELE_PUB,,,0.01009789,,,,,,,,,,,,,0.01009789,,,,,0.01009789,,,0.01009789,,,,,,
BAU,14,2030,T4ELE_PUB,,,0.01288528,,,,,,,,,,,,,0.01288528,,,,,0.01288528,,,0.01288528,,,,,,
BAU,14,2031,T4ELE_PUB,,,0.01654779,,,,,,,,,,,,,0.01654779,,,,,0.01654779,,,0.01654779,,,,,,
BAU,14,2032,T4ELE_PUB,,,0.02032491,,,,,,,,,,,,,0.02032491,,,,,0.02032491,,,0.02032491,,,,,,
BAU,14,2033,T4ELE_PUB,,,0.02421615,,,,,,,,,,,,,0.02421615,,,,,0.02421615,,,0.02421615,,,,,,
BAU,14,2034,T4ELE_PUB,,,0.02811265,,,,,,,,,,,,,0.02811265,,,,,0.02811265,,,0.02811265,,,,,,
BAU,14,2035,T4ELE_PUB,,,0.03278929,,,,,,,,,,,,,0.03278929,,,,,0.03278929,,,0.03278929,,,,,,
BAU,14,2036,T4ELE_PUB,,,0.03704176,,,,,,,,,,,,,0.03704176,,,,,0.03704176,,,0.03704176,,,,,,
BAU,14,2037,T4ELE_PUB,,,0.04206376,,,,,,,,,,,,,0.04206376,,,,,0.04206376,,,0.04206376,,,,,,
BAU,14,2038,T4ELE_PUB,,,0.04709935,,,,,,,,,,,,,0.04709935,,,,,0.04709935,,,0.04709935,,,,,,
BAU,14,2039,T4ELE_PUB,,,0.05234574,,,,,,,,,,,,,0.05234574,,,,,0.05234574,,,0.05234574,,,,,,
BAU,14,2040,T4ELE_PUB,,,0.05839654,,,,,,,,,,,,,0.05839654,,,,,0.05839654,,,0.05839654,,,,,,
BAU,14,2041,T4ELE_PUB,,,0.06389436,,,,,,,,,,,,,0.06389436,,,,,0.06389436,,,0.06389436,,,,,,
BAU,14,2042,T4ELE_PUB,,,0.07033375,,,,,,,,,,,,,0.07033375,,,,,0.07033375,,,0.07033375,,,,,,
BAU,14,2043,T4ELE_PUB,,,0.07692128,,,,,,,,,,,,,0.07692128,,,,,0.07692128,,,0.07692128,,,,,,
BAU,14,2044,T4ELE_PUB,,,0.08371754,,,,,,,,,,,,,0.08371754,,,,,0.08371754,,,0.08371754,,,,,,
BAU,14,2045,T4ELE_PUB,,,0.09049921,,,,,,,,,,,,,0.09049921,,,,,0.09049921,,,0.09049921,,,,,,
BAU,14,2046,T4ELE_PUB,,,0.09770781,,,,,,,,,,,,,0.09770781,,,,,0.09770781,,,0.09770781,,,,,,
BAU,14,2047,T4ELE_PUB,,,0.1055091,,,,,,,,,,,,,0.1055091,,,,,0.1055091,,,0.1055091,,,,,,
BAU,14,2048,T4ELE_PUB,,,0.11376455,,,,,,,,,,,,,0.11376455,,,,,0.11376455,,,0.11376455,,,,,,
BAU,14,2049,T4ELE_PUB,,,0.12152332,,,,,,,,,,,,,0.12152332,,,,,0.12152332,,,0.12152332,,,,,,
BAU,14,2050,T4ELE_PUB,,,0.1301304,,,,,,,,,,,,,0.1301304,,,,,0.1301304,,,0.1301304,,,,,,
BAU,14,2051,T4ELE_PUB,,,0.13342491,,,,,,,,,,,,,0.13342491,,,,,0.13342491,,,0.13342491,,,,,,
BAU,14,2052,T4ELE_PUB,,,0.13754098,,,,,,,,,,,,,0.13754098,,,,,0.13754098,,,0.13754098,,,,,,
BAU,14,2053,T4ELE_PUB,,,0.14032092,,,,,,,,,,,,,0.14032092,,,,,0.14032092,,,0.14032092,,,,,,
BAU,14,2054,T4ELE_PUB,,,0.14453476,,,,,,,,,,,,,0.14453476,,,,,0.14453476,,,0.14453476,,,,,,
BAU,14,2055,T4ELE_PUB,,,0.14861123,,,,,,,,,,,,,0.14861123,,,,,0.14861123,,,0.14861123,,,,,,
BAU,14,2021,T4DSL_PUB,,,0.46112729,,,,,4.4620838,,,,,,,4.3537187,0.46112729,,,,,0.46112729,,,0.46112729,,,,,,
BAU,14,2022,T4DSL_PUB,,,0.49866753,,,,,4.8253407,,,,,,,4.4822483,0.49866753,,,,,0.49866753,,,0.49866753,,,,,,
BAU,14,2023,T4DSL_PUB,,,0.52223002,,,,,5.0533423,,,,,,,4.4688105,0.52223002,,,,,0.52223002,,,0.52223002,,,,,,
BAU,14,2024,T4DSL_PUB,,,0.5318943,,,,,5.1468585,,,,,,,4.3331201,0.5318943,,,,,0.5318943,,,0.5318943,,,,,,
BAU,14,2025,T4DSL_PUB,,,0.54257904,,,,,5.250249,,,,,,,4.2080772,0.54257904,,,,,0.54257904,,,0.54257904,,,,,,
BAU,14,2026,T4DSL_PUB,,,0.55167296,,,,,5.3382461,,,,,,,4.0733119,0.55167296,,,,,0.55167296,,,0.55167296,,,,,,
BAU,14,2027,T4DSL_PUB,,,0.56327337,,,,,5.450497,,,,,,,3.95941,0.56327337,,,,,0.56327337,,,0.56327337,,,,,,
BAU,14,2028,T4DSL_PUB,,,0.57092238,,,,,5.5245125,,,,,,,3.8206179,0.57092238,,,,,0.57092238,,,0.57092238,,,,,,
BAU,14,2029,T4DSL_PUB,,,0.577618,,,,,5.5893025,,,,,,,3.6799554,0.577618,,,,,0.577618,,,0.577618,,,,,,
BAU,14,2030,T4DSL_PUB,,,0.58464057,,,,,5.6572562,,,,,,,3.5459783,0.58464057,,,,,0.58464057,,,0.58464057,,,,,,
BAU,14,2031,T4DSL_PUB,,,0.59276366,,,,,5.7358589,,,,,,,3.4227405,0.59276366,,,,,0.59276366,,,0.59276366,,,,,,
BAU,14,2032,T4DSL_PUB,,,0.60057214,,,,,5.8114175,,,,,,,3.3014359,0.60057214,,,,,0.60057214,,,0.60057214,,,,,,
BAU,14,2033,T4DSL_PUB,,,0.60896209,,,,,5.8926025,,,,,,,3.1869352,0.60896209,,,,,0.60896209,,,0.60896209,,,,,,
BAU,14,2034,T4DSL_PUB,,,0.61621978,,,,,5.9628314,,,,,,,3.0701804,0.61621978,,,,,0.61621978,,,0.61621978,,,,,,
BAU,14,2035,T4DSL_PUB,,,0.62408169,,,,,6.0389069,,,,,,,2.9601587,0.62408169,,,,,0.62408169,,,0.62408169,,,,,,
BAU,14,2036,T4DSL_PUB,,,0.63377476,,,,,6.1327016,,,,,,,2.8618955,0.63377476,,,,,0.63377476,,,0.63377476,,,,,,
BAU,14,2037,T4DSL_PUB,,,0.64361212,,,,,6.2278925,,,,,,,2.7668674,0.64361212,,,,,0.64361212,,,0.64361212,,,,,,
BAU,14,2038,T4DSL_PUB,,,0.65331164,,,,,6.3217496,,,,,,,2.6738055,0.65331164,,,,,0.65331164,,,0.65331164,,,,,,
BAU,14,2039,T4DSL_PUB,,,0.6627222,,,,,6.4128105,,,,,,,2.5821782,0.6627222,,,,,0.6627222,,,0.6627222,,,,,,
BAU,14,2040,T4DSL_PUB,,,0.67097759,,,,,6.4926936,,,,,,,2.4889032,0.67097759,,,,,0.67097759,,,0.67097759,,,,,,
BAU,14,2041,T4DSL_PUB,,,0.68094887,,,,,6.5891803,,,,,,,2.4046938,0.68094887,,,,,0.68094887,,,0.68094887,,,,,,
BAU,14,2042,T4DSL_PUB,,,0.68918708,,,,,6.6688971,,,,,,,2.3170088,0.68918708,,,,,0.68918708,,,0.68918708,,,,,,
BAU,14,2043,T4DSL_PUB,,,0.6982052,,,,,6.7561607,,,,,,,2.2346984,0.6982052,,,,,0.6982052,,,0.6982052,,,,,,
BAU,14,2044,T4DSL_PUB,,,0.70566585,,,,,6.8283535,,,,,,,2.1502068,0.70566585,,,,,0.70566585,,,0.70566585,,,,,,
BAU,14,2045,T4DSL_PUB,,,0.71398364,,,,,6.9088403,,,,,,,2.0711649,0.71398364,,,,,0.71398364,,,0.71398364,,,,,,
BAU,14,2046,T4DSL_PUB,,,0.72550972,,,,,7.020372,,,,,,,2.0036181,0.72550972,,,,,0.72550972,,,0.72550972,,,,,,
BAU,14,2047,T4DSL_PUB,,,0.7391469,,,,,7.1523318,,,,,,,1.9433354,0.7391469,,,,,0.7391469,,,0.7391469,,,,,,
BAU,14,2048,T4DSL_PUB,,,0.75338668,,,,,7.2901225,,,,,,,1.8857331,0.75338668,,,,,0.75338668,,,0.75338668,,,,,,
BAU,14,2049,T4DSL_PUB,,,0.76836641,,,,,7.4350734,,,,,,,1.8309477,0.76836641,,,,,0.76836641,,,0.76836641,,,,,,
BAU,14,2050,T4DSL_PUB,,,0.78193016,,,,,7.5663226,,,,,,,1.773866,0.78193016,,,,,0.78193016,,,0.78193016,,,,,,
BAU,14,2051,T4DSL_PUB,,,0.79686331,,,,,7.7108228,,,,,,,1.7210044,0.79686331,,,,,0.79686331,,,0.79686331,,,,,,
BAU,14,2052,T4DSL_PUB,,,0.80912538,,,,,7.8294763,,,,,,,1.6636396,0.80912538,,,,,0.80912538,,,0.80912538,,,,,,
BAU,14,2053,T4DSL_PUB,,,0.8239998,,,,,7.9734082,,,,,,,1.6129311,0.8239998,,,,,0.8239998,,,0.8239998,,,,,,
BAU,14,2054,T4DSL_PUB,,,0.83682454,,,,,8.0975064,,,,,,,1.5594391,0.83682454,,,,,0.83682454,,,0.83682454,,,,,,
BAU,14,2055,T4DSL_PUB,,,0.85025043,,,,,8.2274216,,,,,,,1.5084334,0.85025043,,,,,0.85025043,,,0.85025043,,,,,,
BAU,14,2021,T4DSL_HEA,,,7.5281836,,,,,72.846232,,,,,,,71.077106,7.5281836,,,,,7.5281836,,,7.5281836,,,,,,
BAU,14,2022,T4DSL_HEA,,,8.144768,,,,,78.812592,,,,,,,73.208842,8.144768,,,,,8.144768,,,8.144768,,,,,,
BAU,14,2023,T4DSL_HEA,,,8.5246451,,,,,82.48846,,,,,,,72.946828,8.5246451,,,,,8.5246451,,,8.5246451,,,,,,
BAU,14,2024,T4DSL_HEA,,,8.688813,,,,,84.077027,,,,,,,70.784122,8.688813,,,,,8.688813,,,8.688813,,,,,,
BAU,14,2025,T4DSL_HEA,,,8.8567989,,,,,85.702536,,,,,,,68.690625,8.8567989,,,,,8.8567989,,,8.8567989,,,,,,
BAU,14,2026,T4DSL_HEA,,,8.9427007,,,,,86.533763,,,,,,,66.028992,8.9427007,,,,,8.9427007,,,8.9427007,,,,,,
BAU,14,2027,T4DSL_HEA,,,8.9412611,,,,,86.519833,,,,,,,62.850688,8.9412611,,,,,8.9412611,,,8.9412611,,,,,,
BAU,14,2028,T4DSL_HEA,,,9.0268184,,,,,87.347725,,,,,,,60.407554,9.0268184,,,,,9.0268184,,,9.0268184,,,,,,
BAU,14,2029,T4DSL_HEA,,,9.1091691,,,,,88.144589,,,,,,,58.033745,9.1091691,,,,,9.1091691,,,9.1091691,,,,,,
BAU,14,2030,T4DSL_HEA,,,9.1886704,,,,,88.91388,,,,,,,55.731379,9.1886704,,,,,9.1886704,,,9.1886704,,,,,,
BAU,14,2031,T4DSL_HEA,,,9.2832046,,,,,89.828637,,,,,,,53.603152,9.2832046,,,,,9.2832046,,,9.2832046,,,,,,
BAU,14,2032,T4DSL_HEA,,,9.3743795,,,,,90.710889,,,,,,,51.532383,9.3743795,,,,,9.3743795,,,9.3743795,,,,,,
BAU,14,2033,T4DSL_HEA,,,9.46094,,,,,91.548489,,,,,,,49.512775,9.46094,,,,,9.46094,,,9.46094,,,,,,
BAU,14,2034,T4DSL_HEA,,,9.5454248,,,,,92.366003,,,,,,,47.557994,9.5454248,,,,,9.5454248,,,9.5454248,,,,,,
BAU,14,2035,T4DSL_HEA,,,9.626099,,,,,93.146645,,,,,,,45.658735,9.626099,,,,,9.626099,,,9.626099,,,,,,
BAU,14,2036,T4DSL_HEA,,,9.7411198,,,,,94.25964,,,,,,,43.987342,9.7411198,,,,,9.7411198,,,9.7411198,,,,,,
BAU,14,2037,T4DSL_HEA,,,9.8521259,,,,,95.333786,,,,,,,42.353965,9.8521259,,,,,9.8521259,,,9.8521259,,,,,,
BAU,14,2038,T4DSL_HEA,,,9.9578696,,,,,96.357013,,,,,,,40.754526,9.9578696,,,,,9.9578696,,,9.9578696,,,,,,
BAU,14,2039,T4DSL_HEA,,,10.06088,,,,,97.353786,,,,,,,39.200414,10.06088,,,,,10.06088,,,10.06088,,,,,,
BAU,14,2040,T4DSL_HEA,,,10.158652,,,,,98.299873,,,,,,,37.682183,10.158652,,,,,10.158652,,,10.158652,,,,,,
BAU,14,2041,T4DSL_HEA,,,10.462777,,,,,101.24273,,,,,,,36.948109,10.462777,,,,,10.462777,,,10.462777,,,,,,
BAU,14,2042,T4DSL_HEA,,,10.768647,,,,,104.20247,,,,,,,36.203594,10.768647,,,,,10.768647,,,10.768647,,,,,,
BAU,14,2043,T4DSL_HEA,,,11.078921,,,,,107.20483,,,,,,,35.459558,11.078921,,,,,11.078921,,,11.078921,,,,,,
BAU,14,2044,T4DSL_HEA,,,11.391709,,,,,110.23151,,,,,,,34.711231,11.391709,,,,,11.391709,,,11.391709,,,,,,
BAU,14,2045,T4DSL_HEA,,,11.708876,,,,,113.30057,,,,,,,33.965782,11.708876,,,,,11.708876,,,11.708876,,,,,,
BAU,14,2046,T4DSL_HEA,,,12.054757,,,,,116.64747,,,,,,,33.291254,12.054757,,,,,12.054757,,,12.054757,,,,,,
BAU,14,2047,T4DSL_HEA,,,12.404516,,,,,120.03191,,,,,,,32.613456,12.404516,,,,,12.404516,,,12.404516,,,,,,
BAU,14,2048,T4DSL_HEA,,,12.75775,,,,,123.44997,,,,,,,31.932753,12.75775,,,,,12.75775,,,12.75775,,,,,,
BAU,14,2049,T4DSL_HEA,,,13.114638,,,,,126.90339,,,,,,,31.250998,13.114638,,,,,13.114638,,,13.114638,,,,,,
BAU,14,2050,T4DSL_HEA,,,13.475169,,,,,130.39205,,,,,,,30.569411,13.475169,,,,,13.475169,,,13.475169,,,,,,
BAU,14,2051,T4DSL_HEA,,,13.767873,,,,,133.22439,,,,,,,29.734799,13.767873,,,,,13.767873,,,13.767873,,,,,,
BAU,14,2052,T4DSL_HEA,,,14.067436,,,,,136.12311,,,,,,,28.924003,14.067436,,,,,14.067436,,,14.067436,,,,,,
BAU,14,2053,T4DSL_HEA,,,14.374068,,,,,139.09022,,,,,,,28.136393,14.374068,,,,,14.374068,,,14.374068,,,,,,
BAU,14,2054,T4DSL_HEA,,,14.68605,,,,,142.1091,,,,,,,27.367745,14.68605,,,,,14.68605,,,14.68605,,,,,,
BAU,14,2055,T4DSL_HEA,,,15.005447,,,,,145.19974,,,,,,,26.621237,15.005447,,,,,15.005447,,,15.005447,,,,,,
BAU,14,2021,T4FOI_HEA,,,0.0144,,,,,,,,,,,,,0.0144,,,,,0.0144,,,0.0144,,,,,,
BAU,14,2022,T4FOI_HEA,,,0.0156,,,,,,,,,,,,,0.0156,,,,,0.0156,,,0.0156,,,,,,
BAU,14,2023,T4FOI_HEA,,,0.016303584,,,,,,,,,,,,,0.016303584,,,,,0.016303584,,,0.016303584,,,,,,
BAU,14,2024,T4FOI_HEA,,,0.01652509,,,,,,,,,,,,,0.01652509,,,,,0.01652509,,,0.01652509,,,,,,
BAU,14,2025,T4FOI_HEA,,,0.0169,,,,,,,,,,,,,0.0169,,,,,0.0169,,,0.0169,,,,,,
BAU,14,2026,T4FOI_HEA,,,0.030513978,,,,,,,,,,,,,0.030513978,,,,,0.030513978,,,0.030513978,,,,,,
BAU,14,2027,T4FOI_HEA,,,0.058983871,,,,,,,,,,,,,0.058983871,,,,,0.058983871,,,0.058983871,,,,,,
BAU,14,2028,T4FOI_HEA,,,0.0739,,,,,,,,,,,,,0.0739,,,,,0.0739,,,0.0739,,,,,,
BAU,14,2029,T4FOI_HEA,,,0.0893,,,,,,,,,,,,,0.0893,,,,,0.0893,,,0.0893,,,,,,
BAU,14,2030,T4FOI_HEA,,,0.10523118,,,,,,,,,,,,,0.10523118,,,,,0.10523118,,,0.10523118,,,,,,
BAU,14,2031,T4FOI_HEA,,,0.12200466,,,,,,,,,,,,,0.12200466,,,,,0.12200466,,,0.12200466,,,,,,
BAU,14,2032,T4FOI_HEA,,,0.1394,,,,,,,,,,,,,0.1394,,,,,0.1394,,,0.1394,,,,,,
BAU,14,2033,T4FOI_HEA,,,0.15754731,,,,,,,,,,,,,0.15754731,,,,,0.15754731,,,0.15754731,,,,,,
BAU,14,2034,T4FOI_HEA,,,0.17612545,,,,,,,,,,,,,0.17612545,,,,,0.17612545,,,0.17612545,,,,,,
BAU,14,2035,T4FOI_HEA,,,0.19540215,,,,,,,,,,,,,0.19540215,,,,,0.19540215,,,0.19540215,,,,,,
BAU,14,2036,T4FOI_HEA,,,0.21611434,,,,,,,,,,,,,0.21611434,,,,,0.21611434,,,0.21611434,,,,,,
BAU,14,2037,T4FOI_HEA,,,0.2376,,,,,,,,,,,,,0.2376,,,,,0.2376,,,0.2376,,,,,,
BAU,14,2038,T4FOI_HEA,,,0.25992401,,,,,,,,,,,,,0.25992401,,,,,0.25992401,,,0.25992401,,,,,,
BAU,14,2039,T4FOI_HEA,,,0.28281254,,,,,,,,,,,,,0.28281254,,,,,0.28281254,,,0.28281254,,,,,,
BAU,14,2040,T4FOI_HEA,,,0.3067,,,,,,,,,,,,,0.3067,,,,,0.3067,,,0.3067,,,,,,
BAU,14,2041,T4FOI_HEA,,,0.3045,,,,,,,,,,,,,0.3045,,,,,0.3045,,,0.3045,,,,,,
BAU,14,2042,T4FOI_HEA,,,0.302,,,,,,,,,,,,,0.302,,,,,0.302,,,0.302,,,,,,
BAU,14,2043,T4FOI_HEA,,,0.2989,,,,,,,,,,,,,0.2989,,,,,0.2989,,,0.2989,,,,,,
BAU,14,2044,T4FOI_HEA,,,0.29545018,,,,,,,,,,,,,0.29545018,,,,,0.29545018,,,0.29545018,,,,,,
BAU,14,2045,T4FOI_HEA,,,0.2914,,,,,,,,,,,,,0.2914,,,,,0.2914,,,0.2914,,,,,,
BAU,14,2046,T4FOI_HEA,,,0.2877,,,,,,,,,,,,,0.2877,,,,,0.2877,,,0.2877,,,,,,
BAU,14,2047,T4FOI_HEA,,,0.2834,,,,,,,,,,,,,0.2834,,,,,0.2834,,,0.2834,,,,,,
BAU,14,2048,T4FOI_HEA,,,0.2786,,,,,,,,,,,,,0.2786,,,,,0.2786,,,0.2786,,,,,,
BAU,14,2049,T4FOI_HEA,,,0.2733,,,,,,,,,,,,,0.2733,,,,,0.2733,,,0.2733,,,,,,
BAU,14,2050,T4FOI_HEA,,,0.2674,,,,,,,,,,,,,0.2674,,,,,0.2674,,,0.2674,,,,,,
BAU,14,2051,T4FOI_HEA,,,0.27355484,,,,,,,,,,,,,0.27355484,,,,,0.27355484,,,0.27355484,,,,,,
BAU,14,2052,T4FOI_HEA,,,0.2798,,,,,,,,,,,,,0.2798,,,,,0.2798,,,0.2798,,,,,,
BAU,14,2053,T4FOI_HEA,,,0.2861,,,,,,,,,,,,,0.2861,,,,,0.2861,,,0.2861,,,,,,
BAU,14,2054,T4FOI_HEA,,,0.29265556,,,,,,,,,,,,,0.29265556,,,,,0.29265556,,,0.29265556,,,,,,
BAU,14,2055,T4FOI_HEA,,,0.29930215,,,,,,,,,,,,,0.29930215,,,,,0.29930215,,,0.29930215,,,,,,
BAU,14,2021,T4DSL_LIG,,,0.92409296,,,,,8.9419565,,,,,,,8.7247943,0.92409296,,,,,0.92409296,,,0.92409296,,,,,,
BAU,14,2022,T4DSL_LIG,,,0.999635,,,,,9.6729366,,,,,,,8.9851695,0.999635,,,,,0.999635,,,0.999635,,,,,,
BAU,14,2023,T4DSL_LIG,,,1.0459347,,,,,10.120954,,,,,,,8.9502399,1.0459347,,,,,1.0459347,,,1.0459347,,,,,,
BAU,14,2024,T4DSL_LIG,,,1.0667182,,,,,10.322066,,,,,,,8.6901069,1.0667182,,,,,1.0667182,,,1.0667182,,,,,,
BAU,14,2025,T4DSL_LIG,,,1.0871463,,,,,10.519737,,,,,,,8.4315747,1.0871463,,,,,1.0871463,,,1.0871463,,,,,,
BAU,14,2026,T4DSL_LIG,,,1.1195637,,,,,10.833423,,,,,,,8.2663689,1.1195637,,,,,1.1195637,,,1.1195637,,,,,,
BAU,14,2027,T4DSL_LIG,,,1.1621912,,,,,11.245907,,,,,,,8.1693754,1.1621912,,,,,1.1621912,,,1.1621912,,,,,,
BAU,14,2028,T4DSL_LIG,,,1.1969193,,,,,11.581952,,,,,,,8.0097955,1.1969193,,,,,1.1969193,,,1.1969193,,,,,,
BAU,14,2029,T4DSL_LIG,,,1.2319661,,,,,11.921081,,,,,,,7.8487517,1.2319661,,,,,1.2319661,,,1.2319661,,,,,,
BAU,14,2030,T4DSL_LIG,,,1.2673424,,,,,12.263399,,,,,,,7.6867202,1.2673424,,,,,1.2673424,,,1.2673424,,,,,,
BAU,14,2031,T4DSL_LIG,,,1.3061117,,,,,12.638549,,,,,,,7.5417602,1.3061117,,,,,1.3061117,,,1.3061117,,,,,,
BAU,14,2032,T4DSL_LIG,,,1.3450634,,,,,13.015464,,,,,,,7.3940172,1.3450634,,,,,1.3450634,,,1.3450634,,,,,,
BAU,14,2033,T4DSL_LIG,,,1.3847819,,,,,13.399799,,,,,,,7.2471019,1.3847819,,,,,1.3847819,,,1.3847819,,,,,,
BAU,14,2034,T4DSL_LIG,,,1.4249531,,,,,13.788514,,,,,,,7.0995177,1.4249531,,,,,1.4249531,,,1.4249531,,,,,,
BAU,14,2035,T4DSL_LIG,,,1.4657544,,,,,14.183326,,,,,,,6.9524001,1.4657544,,,,,1.4657544,,,1.4657544,,,,,,
BAU,14,2036,T4DSL_LIG,,,1.5126314,,,,,14.636931,,,,,,,6.8304916,1.5126314,,,,,1.5126314,,,1.5126314,,,,,,
BAU,14,2037,T4DSL_LIG,,,1.5604482,,,,,15.099628,,,,,,,6.7083157,1.5604482,,,,,1.5604482,,,1.5604482,,,,,,
BAU,14,2038,T4DSL_LIG,,,1.6092019,,,,,15.571391,,,,,,,6.5859729,1.6092019,,,,,1.6092019,,,1.6092019,,,,,,
BAU,14,2039,T4DSL_LIG,,,1.6584238,,,,,16.047686,,,,,,,6.4617512,1.6584238,,,,,1.6584238,,,1.6584238,,,,,,
BAU,14,2040,T4DSL_LIG,,,1.7083963,,,,,16.531243,,,,,,,6.3370716,1.7083963,,,,,1.7083963,,,1.7083963,,,,,,
BAU,14,2041,T4DSL_LIG,,,1.7360003,,,,,16.798353,,,,,,,6.1304884,1.7360003,,,,,1.7360003,,,1.7360003,,,,,,
BAU,14,2042,T4DSL_LIG,,,1.7629348,,,,,17.058983,,,,,,,5.9268891,1.7629348,,,,,1.7629348,,,1.7629348,,,,,,
BAU,14,2043,T4DSL_LIG,,,1.7891032,,,,,17.312201,,,,,,,5.7262623,1.7891032,,,,,1.7891032,,,1.7891032,,,,,,
BAU,14,2044,T4DSL_LIG,,,1.8149552,,,,,17.562357,,,,,,,5.5302791,1.8149552,,,,,1.8149552,,,1.8149552,,,,,,
BAU,14,2045,T4DSL_LIG,,,1.8399503,,,,,17.804221,,,,,,,5.337434,1.8399503,,,,,1.8399503,,,1.8399503,,,,,,
BAU,14,2046,T4DSL_LIG,,,1.8692128,,,,,18.087379,,,,,,,5.1621479,1.8692128,,,,,1.8692128,,,1.8692128,,,,,,
BAU,14,2047,T4DSL_LIG,,,1.8972926,,,,,18.359092,,,,,,,4.9882855,1.8972926,,,,,1.8972926,,,1.8972926,,,,,,
BAU,14,2048,T4DSL_LIG,,,1.9250998,,,,,18.628168,,,,,,,4.8185407,1.9250998,,,,,1.9250998,,,1.9250998,,,,,,
BAU,14,2049,T4DSL_LIG,,,1.9517677,,,,,18.886219,,,,,,,4.650886,1.9517677,,,,,1.9517677,,,1.9517677,,,,,,
BAU,14,2050,T4DSL_LIG,,,1.9778614,,,,,19.138714,,,,,,,4.4869241,1.9778614,,,,,1.9778614,,,1.9778614,,,,,,
BAU,14,2051,T4DSL_LIG,,,2.0209087,,,,,19.555259,,,,,,,4.3646038,2.0209087,,,,,2.0209087,,,2.0209087,,,,,,
BAU,14,2052,T4DSL_LIG,,,2.0651822,,,,,19.98367,,,,,,,4.2462132,2.0651822,,,,,2.0651822,,,2.0651822,,,,,,
BAU,14,2053,T4DSL_LIG,,,2.1097089,,,,,20.414531,,,,,,,4.129631,2.1097089,,,,,2.1097089,,,2.1097089,,,,,,
BAU,14,2054,T4DSL_LIG,,,2.1560977,,,,,20.863411,,,,,,,4.0179306,2.1560977,,,,,2.1560977,,,2.1560977,,,,,,
BAU,14,2055,T4DSL_LIG,,,2.2027851,,,,,21.315181,,,,,,,3.9079718,2.2027851,,,,,2.2027851,,,2.2027851,,,,,,
BAU,14,2021,T4GSL_LIG,,,0.87163296,,,,,1.0055324,,,,,,,0.98111224,0.87163296,,,,,0.87163296,,,0.87163296,,,,,,
BAU,14,2022,T4GSL_LIG,,,0.94326176,,,,,1.0881647,,,,,,,1.0107938,0.94326176,,,,,0.94326176,,,0.94326176,,,,,,
BAU,14,2023,T4GSL_LIG,,,0.98758208,,,,,1.1392935,,,,,,,1.0075087,0.98758208,,,,,0.98758208,,,0.98758208,,,,,,
BAU,14,2024,T4GSL_LIG,,,1.005937,,,,,1.160468,,,,,,,0.97699351,1.005937,,,,,1.005937,,,1.005937,,,,,,
BAU,14,2025,T4GSL_LIG,,,1.0256349,,,,,1.1831919,,,,,,,0.94832889,1.0256349,,,,,1.0256349,,,1.0256349,,,,,,
BAU,14,2026,T4GSL_LIG,,,1.0314547,,,,,1.1899058,,,,,,,0.90794942,1.0314547,,,,,1.0314547,,,1.0314547,,,,,,
BAU,14,2027,T4GSL_LIG,,,1.026909,,,,,1.1846617,,,,,,,0.86057498,1.026909,,,,,1.026909,,,1.026909,,,,,,
BAU,14,2028,T4GSL_LIG,,,1.0317536,,,,,1.1902505,,,,,,,0.82314821,1.0317536,,,,,1.0317536,,,1.0317536,,,,,,
BAU,14,2029,T4GSL_LIG,,,1.0361408,,,,,1.1953118,,,,,,,0.78698441,1.0361408,,,,,1.0361408,,,1.0361408,,,,,,
BAU,14,2030,T4GSL_LIG,,,1.040518,,,,,1.2003614,,,,,,,0.75238864,1.040518,,,,,1.040518,,,1.040518,,,,,,
BAU,14,2031,T4GSL_LIG,,,1.0462218,,,,,1.2069414,,,,,,,0.72021424,1.0462218,,,,,1.0462218,,,1.0462218,,,,,,
BAU,14,2032,T4GSL_LIG,,,1.0514443,,,,,1.2129661,,,,,,,0.68907974,1.0514443,,,,,1.0514443,,,1.0514443,,,,,,
BAU,14,2033,T4GSL_LIG,,,1.055789,,,,,1.2179783,,,,,,,0.65872726,1.055789,,,,,1.055789,,,1.055789,,,,,,
BAU,14,2034,T4GSL_LIG,,,1.0596794,,,,,1.2224663,,,,,,,0.62943118,1.0596794,,,,,1.0596794,,,1.0596794,,,,,,
BAU,14,2035,T4GSL_LIG,,,1.0631165,,,,,1.2264315,,,,,,,0.60117366,1.0631165,,,,,1.0631165,,,1.0631165,,,,,,
BAU,14,2036,T4GSL_LIG,,,1.0700931,,,,,1.2344798,,,,,,,0.57608414,1.0700931,,,,,1.0700931,,,1.0700931,,,,,,
BAU,14,2037,T4GSL_LIG,,,1.0761685,,,,,1.2414884,,,,,,,0.55155636,1.0761685,,,,,1.0761685,,,1.0761685,,,,,,
BAU,14,2038,T4GSL_LIG,,,1.0813451,,,,,1.2474603,,,,,,,0.52761756,1.0813451,,,,,1.0813451,,,1.0813451,,,,,,
BAU,14,2039,T4GSL_LIG,,,1.0860678,,,,,1.2529084,,,,,,,0.50449532,1.0860678,,,,,1.0860678,,,1.0860678,,,,,,
BAU,14,2040,T4GSL_LIG,,,1.0898959,,,,,1.2573247,,,,,,,0.48198168,1.0898959,,,,,1.0898959,,,1.0898959,,,,,,
BAU,14,2041,T4GSL_LIG,,,1.1316727,,,,,1.3055191,,,,,,,0.47644374,1.1316727,,,,,1.1316727,,,1.1316727,,,,,,
BAU,14,2042,T4GSL_LIG,,,1.1746908,,,,,1.3551456,,,,,,,0.47082514,1.1746908,,,,,1.1746908,,,1.1746908,,,,,,
BAU,14,2043,T4GSL_LIG,,,1.2180378,,,,,1.4051516,,,,,,,0.46477433,1.2180378,,,,,1.2180378,,,1.2180378,,,,,,
BAU,14,2044,T4GSL_LIG,,,1.2622068,,,,,1.4561058,,,,,,,0.45851882,1.2622068,,,,,1.2622068,,,1.2622068,,,,,,
BAU,14,2045,T4GSL_LIG,,,1.308048,,,,,1.5089891,,,,,,,0.4523719,1.308048,,,,,1.308048,,,1.308048,,,,,,
BAU,14,2046,T4GSL_LIG,,,1.3564349,,,,,1.5648091,,,,,,,0.44659738,1.3564349,,,,,1.3564349,,,1.3564349,,,,,,
BAU,14,2047,T4GSL_LIG,,,1.4060434,,,,,1.6220384,,,,,,,0.44071844,1.4060434,,,,,1.4060434,,,1.4060434,,,,,,
BAU,14,2048,T4GSL_LIG,,,1.4564312,,,,,1.6801668,,,,,,,0.43460807,1.4564312,,,,,1.4564312,,,1.4564312,,,,,,
BAU,14,2049,T4GSL_LIG,,,1.508034,,,,,1.7396967,,,,,,,0.42841456,1.508034,,,,,1.508034,,,1.508034,,,,,,
BAU,14,2050,T4GSL_LIG,,,1.5608479,,,,,1.8006238,,,,,,,0.42214237,1.5608479,,,,,1.5608479,,,1.5608479,,,,,,
BAU,14,2051,T4GSL_LIG,,,1.5947597,,,,,1.8397451,,,,,,,0.41061887,1.5947597,,,,,1.5947597,,,1.5947597,,,,,,
BAU,14,2052,T4GSL_LIG,,,1.6290402,,,,,1.8792918,,,,,,,0.39931971,1.6290402,,,,,1.6290402,,,1.6290402,,,,,,
BAU,14,2053,T4GSL_LIG,,,1.664959,,,,,1.9207283,,,,,,,0.38854182,1.664959,,,,,1.664959,,,1.664959,,,,,,
BAU,14,2054,T4GSL_LIG,,,1.7004069,,,,,1.9616217,,,,,,,0.37777427,1.7004069,,,,,1.7004069,,,1.7004069,,,,,,
BAU,14,2055,T4GSL_LIG,,,1.7379608,,,,,2.0049446,,,,,,,0.36759092,1.7379608,,,,,1.7379608,,,1.7379608,,,,,,
BAU,14,2021,T4FOI_MAR,,,0.26582283,,,,,,,,,,,,,0.26582283,,,,,0.26582283,,,0.26582283,,,,,,
BAU,14,2022,T4FOI_MAR,,,0.28759185,,,,,,,,,,,,,0.28759185,,,,,0.28759185,,,0.28759185,,,,,,
BAU,14,2023,T4FOI_MAR,,,0.30100707,,,,,,,,,,,,,0.30100707,,,,,0.30100707,,,0.30100707,,,,,,
BAU,14,2024,T4FOI_MAR,,,0.30678102,,,,,,,,,,,,,0.30678102,,,,,0.30678102,,,0.30678102,,,,,,
BAU,14,2025,T4FOI_MAR,,,0.31272696,,,,,,,,,,,,,0.31272696,,,,,0.31272696,,,0.31272696,,,,,,
BAU,14,2026,T4FOI_MAR,,,0.31874661,,,,,,,,,,,,,0.31874661,,,,,0.31874661,,,0.31874661,,,,,,
BAU,14,2027,T4FOI_MAR,,,0.3245019,,,,,,,,,,,,,0.3245019,,,,,0.3245019,,,0.3245019,,,,,,
BAU,14,2028,T4FOI_MAR,,,0.33011276,,,,,,,,,,,,,0.33011276,,,,,0.33011276,,,0.33011276,,,,,,
BAU,14,2029,T4FOI_MAR,,,0.335846,,,,,,,,,,,,,0.335846,,,,,0.335846,,,0.335846,,,,,,
BAU,14,2030,T4FOI_MAR,,,0.34156944,,,,,,,,,,,,,0.34156944,,,,,0.34156944,,,0.34156944,,,,,,
BAU,14,2031,T4FOI_MAR,,,0.3478257,,,,,,,,,,,,,0.3478257,,,,,0.3478257,,,0.3478257,,,,,,
BAU,14,2032,T4FOI_MAR,,,0.354235,,,,,,,,,,,,,0.354235,,,,,0.354235,,,0.354235,,,,,,
BAU,14,2033,T4FOI_MAR,,,0.36060893,,,,,,,,,,,,,0.36060893,,,,,0.36060893,,,0.36060893,,,,,,
BAU,14,2034,T4FOI_MAR,,,0.36697194,,,,,,,,,,,,,0.36697194,,,,,0.36697194,,,0.36697194,,,,,,
BAU,14,2035,T4FOI_MAR,,,0.37317084,,,,,,,,,,,,,0.37317084,,,,,0.37317084,,,0.37317084,,,,,,
BAU,14,2036,T4FOI_MAR,,,0.38099402,,,,,,,,,,,,,0.38099402,,,,,0.38099402,,,0.38099402,,,,,,
BAU,14,2037,T4FOI_MAR,,,0.38880384,,,,,,,,,,,,,0.38880384,,,,,0.38880384,,,0.38880384,,,,,,
BAU,14,2038,T4FOI_MAR,,,0.39643709,,,,,,,,,,,,,0.39643709,,,,,0.39643709,,,0.39643709,,,,,,
BAU,14,2039,T4FOI_MAR,,,0.40421685,,,,,,,,,,,,,0.40421685,,,,,0.40421685,,,0.40421685,,,,,,
BAU,14,2040,T4FOI_MAR,,,0.41198325,,,,,,,,,,,,,0.41198325,,,,,0.41198325,,,0.41198325,,,,,,
BAU,14,2041,T4FOI_MAR,,,0.42101626,,,,,,,,,,,,,0.42101626,,,,,0.42101626,,,0.42101626,,,,,,
BAU,14,2042,T4FOI_MAR,,,0.4302034,,,,,,,,,,,,,0.4302034,,,,,0.4302034,,,0.4302034,,,,,,
BAU,14,2043,T4FOI_MAR,,,0.4393506,,,,,,,,,,,,,0.4393506,,,,,0.4393506,,,0.4393506,,,,,,
BAU,14,2044,T4FOI_MAR,,,0.4483206,,,,,,,,,,,,,0.4483206,,,,,0.4483206,,,0.4483206,,,,,,
BAU,14,2045,T4FOI_MAR,,,0.45745654,,,,,,,,,,,,,0.45745654,,,,,0.45745654,,,0.45745654,,,,,,
BAU,14,2046,T4FOI_MAR,,,0.46761345,,,,,,,,,,,,,0.46761345,,,,,0.46761345,,,0.46761345,,,,,,
BAU,14,2047,T4FOI_MAR,,,0.47755456,,,,,,,,,,,,,0.47755456,,,,,0.47755456,,,0.47755456,,,,,,
BAU,14,2048,T4FOI_MAR,,,0.48767214,,,,,,,,,,,,,0.48767214,,,,,0.48767214,,,0.48767214,,,,,,
BAU,14,2049,T4FOI_MAR,,,0.49777224,,,,,,,,,,,,,0.49777224,,,,,0.49777224,,,0.49777224,,,,,,
BAU,14,2050,T4FOI_MAR,,,0.50785486,,,,,,,,,,,,,0.50785486,,,,,0.50785486,,,0.50785486,,,,,,
BAU,14,2051,T4FOI_MAR,,,0.51792011,,,,,,,,,,,,,0.51792011,,,,,0.51792011,,,0.51792011,,,,,,
BAU,14,2052,T4FOI_MAR,,,0.52841865,,,,,,,,,,,,,0.52841865,,,,,0.52841865,,,0.52841865,,,,,,
BAU,14,2053,T4FOI_MAR,,,0.5391145,,,,,,,,,,,,,0.5391145,,,,,0.5391145,,,0.5391145,,,,,,
BAU,14,2054,T4FOI_MAR,,,0.5498012,,,,,,,,,,,,,0.5498012,,,,,0.5498012,,,0.5498012,,,,,,
BAU,14,2055,T4FOI_MAR,,,0.560933,,,,,,,,,,,,,0.560933,,,,,0.560933,,,0.560933,,,,,,
BAU,14,2021,T4FOI_MAM,,,1.0819,,,,,,,,,,,,,1.0819,,,,,1.0819,,,1.0819,,,,,,
BAU,14,2022,T4FOI_MAM,,,1.1705,,,,,,,,,,,,,1.1705,,,,,1.1705,,,1.1705,,,,,,
BAU,14,2023,T4FOI_MAM,,,1.2251,,,,,,,,,,,,,1.2251,,,,,1.2251,,,1.2251,,,,,,
BAU,14,2024,T4FOI_MAM,,,1.2486,,,,,,,,,,,,,1.2486,,,,,1.2486,,,1.2486,,,,,,
BAU,14,2025,T4FOI_MAM,,,1.2728,,,,,,,,,,,,,1.2728,,,,,1.2728,,,1.2728,,,,,,
BAU,14,2026,T4FOI_MAM,,,1.2973,,,,,,,,,,,,,1.2973,,,,,1.2973,,,1.2973,,,,,,
BAU,14,2027,T4FOI_MAM,,,1.3218,,,,,,,,,,,,,1.3218,,,,,1.3218,,,1.3218,,,,,,
BAU,14,2028,T4FOI_MAM,,,1.3463,,,,,,,,,,,,,1.3463,,,,,1.3463,,,1.3463,,,,,,
BAU,14,2029,T4FOI_MAM,,,1.3708,,,,,,,,,,,,,1.3708,,,,,1.3708,,,1.3708,,,,,,
BAU,14,2030,T4FOI_MAM,,,1.3953,,,,,,,,,,,,,1.3953,,,,,1.3953,,,1.3953,,,,,,
BAU,14,2031,T4FOI_MAM,,,1.4226,,,,,,,,,,,,,1.4226,,,,,1.4226,,,1.4226,,,,,,
BAU,14,2032,T4FOI_MAM,,,1.45,,,,,,,,,,,,,1.45,,,,,1.45,,,1.45,,,,,,
BAU,14,2033,T4FOI_MAM,,,1.4773,,,,,,,,,,,,,1.4773,,,,,1.4773,,,1.4773,,,,,,
BAU,14,2034,T4FOI_MAM,,,1.5046,,,,,,,,,,,,,1.5046,,,,,1.5046,,,1.5046,,,,,,
BAU,14,2035,T4FOI_MAM,,,1.5319,,,,,,,,,,,,,1.5319,,,,,1.5319,,,1.5319,,,,,,
BAU,14,2036,T4FOI_MAM,,,1.5653,,,,,,,,,,,,,1.5653,,,,,1.5653,,,1.5653,,,,,,
BAU,14,2037,T4FOI_MAM,,,1.5987,,,,,,,,,,,,,1.5987,,,,,1.5987,,,1.5987,,,,,,
BAU,14,2038,T4FOI_MAM,,,1.6321,,,,,,,,,,,,,1.6321,,,,,1.6321,,,1.6321,,,,,,
BAU,14,2039,T4FOI_MAM,,,1.6655,,,,,,,,,,,,,1.6655,,,,,1.6655,,,1.6655,,,,,,
BAU,14,2040,T4FOI_MAM,,,1.6989,,,,,,,,,,,,,1.6989,,,,,1.6989,,,1.6989,,,,,,
BAU,14,2041,T4FOI_MAM,,,1.7383,,,,,,,,,,,,,1.7383,,,,,1.7383,,,1.7383,,,,,,
BAU,14,2042,T4FOI_MAM,,,1.7777,,,,,,,,,,,,,1.7777,,,,,1.7777,,,1.7777,,,,,,
BAU,14,2043,T4FOI_MAM,,,1.817,,,,,,,,,,,,,1.817,,,,,1.817,,,1.817,,,,,,
BAU,14,2044,T4FOI_MAM,,,1.8564,,,,,,,,,,,,,1.8564,,,,,1.8564,,,1.8564,,,,,,
BAU,14,2045,T4FOI_MAM,,,1.8958,,,,,,,,,,,,,1.8958,,,,,1.8958,,,1.8958,,,,,,
BAU,14,2046,T4FOI_MAM,,,1.9395,,,,,,,,,,,,,1.9395,,,,,1.9395,,,1.9395,,,,,,
BAU,14,2047,T4FOI_MAM,,,1.9832,,,,,,,,,,,,,1.9832,,,,,1.9832,,,1.9832,,,,,,
BAU,14,2048,T4FOI_MAM,,,2.0269,,,,,,,,,,,,,2.0269,,,,,2.0269,,,2.0269,,,,,,
BAU,14,2049,T4FOI_MAM,,,2.0706,,,,,,,,,,,,,2.0706,,,,,2.0706,,,2.0706,,,,,,
BAU,14,2050,T4FOI_MAM,,,2.1143,,,,,,,,,,,,,2.1143,,,,,2.1143,,,2.1143,,,,,,
BAU,14,2051,T4FOI_MAM,,,2.1589,,,,,,,,,,,,,2.1589,,,,,2.1589,,,2.1589,,,,,,
BAU,14,2052,T4FOI_MAM,,,2.2045,,,,,,,,,,,,,2.2045,,,,,2.2045,,,2.2045,,,,,,
BAU,14,2053,T4FOI_MAM,,,2.251,,,,,,,,,,,,,2.251,,,,,2.251,,,2.251,,,,,,
BAU,14,2054,T4FOI_MAM,,,2.2985,,,,,,,,,,,,,2.2985,,,,,2.2985,,,2.2985,,,,,,
BAU,14,2055,T4FOI_MAM,,,2.347,,,,,,,,,,,,,2.347,,,,,2.347,,,2.347,,,,,,
BAU,14,2021,T4KER_AVI,,,1.0819,,,,,,,,,,,,,1.0819,,,,,1.0819,,,1.0819,,,,,,
BAU,14,2022,T4KER_AVI,,,1.1705,,,,,,,,,,,,,1.1705,,,,,1.1705,,,1.1705,,,,,,
BAU,14,2023,T4KER_AVI,,,1.2251,,,,,,,,,,,,,1.2251,,,,,1.2251,,,1.2251,,,,,,
BAU,14,2024,T4KER_AVI,,,1.2486,,,,,,,,,,,,,1.2486,,,,,1.2486,,,1.2486,,,,,,
BAU,14,2025,T4KER_AVI,,,1.2728,,,,,,,,,,,,,1.2728,,,,,1.2728,,,1.2728,,,,,,
BAU,14,2026,T4KER_AVI,,,1.2973,,,,,,,,,,,,,1.2973,,,,,1.2973,,,1.2973,,,,,,
BAU,14,2027,T4KER_AVI,,,1.3218,,,,,,,,,,,,,1.3218,,,,,1.3218,,,1.3218,,,,,,
BAU,14,2028,T4KER_AVI,,,1.3463,,,,,,,,,,,,,1.3463,,,,,1.3463,,,1.3463,,,,,,
BAU,14,2029,T4KER_AVI,,,1.3708,,,,,,,,,,,,,1.3708,,,,,1.3708,,,1.3708,,,,,,
BAU,14,2030,T4KER_AVI,,,1.3953,,,,,,,,,,,,,1.3953,,,,,1.3953,,,1.3953,,,,,,
BAU,14,2031,T4KER_AVI,,,1.4226,,,,,,,,,,,,,1.4226,,,,,1.4226,,,1.4226,,,,,,
BAU,14,2032,T4KER_AVI,,,1.45,,,,,,,,,,,,,1.45,,,,,1.45,,,1.45,,,,,,
BAU,14,2033,T4KER_AVI,,,1.4773,,,,,,,,,,,,,1.4773,,,,,1.4773,,,1.4773,,,,,,
BAU,14,2034,T4KER_AVI,,,1.5046,,,,,,,,,,,,,1.5046,,,,,1.5046,,,1.5046,,,,,,
BAU,14,2035,T4KER_AVI,,,1.5319,,,,,,,,,,,,,1.5319,,,,,1.5319,,,1.5319,,,,,,
BAU,14,2036,T4KER_AVI,,,1.5653,,,,,,,,,,,,,1.5653,,,,,1.5653,,,1.5653,,,,,,
BAU,14,2037,T4KER_AVI,,,1.5987,,,,,,,,,,,,,1.5987,,,,,1.5987,,,1.5987,,,,,,
BAU,14,2038,T4KER_AVI,,,1.6321,,,,,,,,,,,,,1.6321,,,,,1.6321,,,1.6321,,,,,,
BAU,14,2039,T4KER_AVI,,,1.6655,,,,,,,,,,,,,1.6655,,,,,1.6655,,,1.6655,,,,,,
BAU,14,2040,T4KER_AVI,,,1.6989,,,,,,,,,,,,,1.6989,,,,,1.6989,,,1.6989,,,,,,
BAU,14,2041,T4KER_AVI,,,1.7383,,,,,,,,,,,,,1.7383,,,,,1.7383,,,1.7383,,,,,,
BAU,14,2042,T4KER_AVI,,,1.7777,,,,,,,,,,,,,1.7777,,,,,1.7777,,,1.7777,,,,,,
BAU,14,2043,T4KER_AVI,,,1.817,,,,,,,,,,,,,1.817,,,,,1.817,,,1.817,,,,,,
BAU,14,2044,T4KER_AVI,,,1.8564,,,,,,,,,,,,,1.8564,,,,,1.8564,,,1.8564,,,,,,
BAU,14,2045,T4KER_AVI,,,1.8958,,,,,,,,,,,,,1.8958,,,,,1.8958,,,1.8958,,,,,,
BAU,14,2046,T4KER_AVI,,,1.9395,,,,,,,,,,,,,1.9395,,,,,1.9395,,,1.9395,,,,,,
BAU,14,2047,T4KER_AVI,,,1.9832,,,,,,,,,,,,,1.9832,,,,,1.9832,,,1.9832,,,,,,
BAU,14,2048,T4KER_AVI,,,2.0269,,,,,,,,,,,,,2.0269,,,,,2.0269,,,2.0269,,,,,,
BAU,14,2049,T4KER_AVI,,,2.0706,,,,,,,,,,,,,2.0706,,,,,2.0706,,,2.0706,,,,,,
BAU,14,2050,T4KER_AVI,,,2.1143,,,,,,,,,,,,,2.1143,,,,,2.1143,,,2.1143,,,,,,
BAU,14,2051,T4KER_AVI,,,2.1589,,,,,,,,,,,,,2.1589,,,,,2.1589,,,2.1589,,,,,,
BAU,14,2052,T4KER_AVI,,,2.2045,,,,,,,,,,,,,2.2045,,,,,2.2045,,,2.2045,,,,,,
BAU,14,2053,T4KER_AVI,,,2.251,,,,,,,,,,,,,2.251,,,,,2.251,,,2.251,,,,,,
BAU,14,2054,T4KER_AVI,,,2.2985,,,,,,,,,,,,,2.2985,,,,,2.2985,,,2.2985,,,,,,
BAU,14,2055,T4KER_AVI,,,2.347,,,,,,,,,,,,,2.347,,,,,2.347,,,2.347,,,,,,
BAU,14,2021,TRAUTGSL,,,0.4263,,247.60613,,,,,552.52709,,,,,,0.4263,,,,,5.0204,,,5.0204,,,671.6001,,300.9668,
BAU,14,2022,TRAUTGSL,,,0.8833,,267.88158,,,,,592.31733,,,,,,0.457,,,,,5.4315,,,5.4315,,,685.6813,,310.1064,
BAU,14,2023,TRAUTGSL,,,1.1822,,280.37927,,,,,387.40405,,,,,,0.2989,,,,,5.6849,,,5.6849,,,427.113,,309.1181,
BAU,14,2024,TRAUTGSL,,,1.3363,,285.76008,,,,,199.72889,,,,,,0.1541,,,,,5.794,,,5.794,,,209.7153,,300.0481,
BAU,14,2025,TRAUTGSL,,,1.5377,,291.29378,,,,,261.03438,,,,,,0.2014,,,,,5.9062,,,5.9062,,,261.0344,,291.2938,
BAU,14,2026,TRAUTGSL,,,1.7267,,296.3047,,,,,244.96275,,,,,,0.189,,,,,6.0078,,,6.0078,,,233.2979,,282.195,
BAU,14,2027,TRAUTGSL,,,1.8959,,300.14521,,,,,219.09378,,,,,,0.1692,,,,,6.0914,,,6.0914,,,198.7245,,272.2406,
BAU,14,2028,TRAUTGSL,,,2.0627,,303.94412,,,,,215.7828,,,,,,0.1668,,,,,6.1743,,,6.1743,,,186.4013,,262.5584,
BAU,14,2029,TRAUTGSL,,,2.2266,,307.67571,,,,,211.83144,,,,,,0.1639,,,,,6.256,,,6.256,,,174.2742,,253.1256,
BAU,14,2030,TRAUTGSL,,,2.428,,311.34076,,,,,260.05263,,,,,,0.2014,,,,,6.3365,,,6.3365,,,203.758,,243.9436,
BAU,14,2031,TRAUTGSL,,,2.6344,,315.4205,,,,,266.25722,,,,,,0.2064,,,,,6.4256,,,6.4256,,,198.6852,,235.3716,
BAU,14,2032,TRAUTGSL,,,2.8358,,319.42396,,,,,259.56174,,,,,,0.2014,,,,,6.5133,,,6.5133,,,184.4657,,227.0086,
BAU,14,2033,TRAUTGSL,,,3.0326,,323.35984,,,,,253.3935,,,,,,0.1968,,,,,6.5998,,,6.5998,,,171.5067,,218.8627,
BAU,14,2034,TRAUTGSL,,,3.2251,,327.23875,,,,,247.62236,,,,,,0.1925,,,,,6.6853,,,6.6853,,,159.6196,,210.941,
BAU,14,2035,TRAUTGSL,,,3.4304,,331.04126,,,,,263.83746,,,,,,0.2053,,,,,6.7694,,,6.7694,,,161.9733,,203.2306,
BAU,14,2036,TRAUTGSL,,,3.6566,,336.07272,,,,,837.75297,,,,,,0.6525,,,,,6.8788,,,6.8788,,,489.8168,,196.4948,
BAU,14,2037,TRAUTGSL,,,3.8776,,341.03477,,,,,869.66646,,,,,,0.678,,,,,6.987,,,6.987,,,484.2628,,189.9009,
BAU,14,2038,TRAUTGSL,,,4.093,,345.90876,,,,,659.06275,,,,,,0.5143,,,,,7.0936,,,7.0936,,,349.515,,183.4428,
BAU,14,2039,TRAUTGSL,,,4.303,,350.69492,,,,,466.14143,,,,,,0.3641,,,,,7.1986,,,7.1986,,,235.4331,,177.1248,
BAU,14,2040,TRAUTGSL,,,4.508,,355.40392,,,,,519.801,,,,,,0.4064,,,,,7.3022,,,7.3022,,,250.0332,,170.9554,
BAU,14,2041,TRAUTGSL,,,4.8171,,361.2647,,,,,636.48179,,,,,,0.4981,,,,,7.4297,,,7.4297,,,291.5796,,165.4995,
BAU,14,2042,TRAUTGSL,,,5.1128,,367.03594,,,,,593.49162,,,,9.7641692,,0.4649,,,,54.582102,7.5556,,,7.5556,,,258.9384,,160.1366,
BAU,14,2043,TRAUTGSL,,,5.3957,,372.7089,,,,,573.53929,,,,18.419072,,0.4497,,,,102.96336,7.6797,,,7.6797,,,238.3174,,154.8682,
BAU,14,2044,TRAUTGSL,,,5.6665,,378.28231,,,,,553.87879,,,,26.046653,,0.4347,,,,145.60185,7.802,,,7.802,,,219.1886,,149.6992,
BAU,14,2045,TRAUTGSL,,,5.9259,,383.76203,,,,,586.57287,,,,35.91093,,0.4608,,,,200.74355,7.9226,,,7.9226,,,221.0731,,144.6359,
BAU,14,2046,TRAUTGSL,,,6.1925,,390.01451,,,,,601.5264,,,,44.955772,,0.473,,,,251.30459,8.0594,,,8.0594,,,215.9133,,139.9927,
BAU,14,2047,TRAUTGSL,,,6.4766,,396.15843,,,,,616.83129,,,,54.035818,,0.4855,,,,302.06241,8.1942,,,8.1942,,,210.8637,,135.4267,
BAU,14,2048,TRAUTGSL,,,6.8415,,402.20209,,,,,712.95946,,,,71.189739,,0.5617,,,,397.95353,8.3272,,,8.3272,,,232.1191,,130.9455,
BAU,14,2049,TRAUTGSL,,,7.1732,,408.14173,,,,,664.72229,,,,74.124569,,0.5242,,,,414.35934,8.4583,,,8.4583,,,206.1091,,126.5517,
BAU,14,2050,TRAUTGSL,,,7.4759,,413.97761,,,,,643.56046,,,,78.909277,,0.508,,,,441.10606,8.5875,,,8.5875,,,190.0452,,122.2487,
BAU,14,2051,TRAUTGSL,,,7.7801,,421.00639,,,,,1210.8308,,,,161.26145,,0.9567,,,,901.45806,8.7417,,,8.7417,,,340.5349,,118.4041,
BAU,14,2052,TRAUTGSL,,,8.1535,,428.15472,,,,,1329.4049,,,,190.42958,,1.0514,,,,1064.5091,8.8987,,,8.8987,,,356.0789,,114.6805,
BAU,14,2053,TRAUTGSL,,,8.5925,,435.41346,,,,,1204.2042,,,,184.03034,,0.9533,,,,1028.7371,9.0583,,,9.0583,,,307.1848,,111.0712,
BAU,14,2054,TRAUTGSL,,,9.0229,,442.79665,,,,,1002.6405,,,,162.37017,,0.7945,,,,907.65582,9.2208,,,9.2208,,,243.5878,,107.5758,
BAU,14,2055,TRAUTGSL,,,9.3861,,450.30002,,,,,970.27936,,,,165.55329,,0.7696,,,,925.44959,9.3861,,,9.3861,,,224.5008,,104.1893,
BAU,14,2026,TRAUTELE,,,0.0121,,0.19693476,,,,,18.78261,,,,,,0.0121,,,,,0.0121,,,0.0121,,,17.8882,,0.1876,
BAU,14,2027,TRAUTELE,,,0.0246,,0.40470444,,,,,19.493984,,,,,,0.0125,,,,,0.0246,,,0.0246,,,17.6816,,0.3671,
BAU,14,2028,TRAUTELE,,,0.0373,,0.62019829,,,,,19.875844,,,,,,0.0127,,,,,0.0373,,,0.0373,,,17.1695,,0.5358,
BAU,14,2029,TRAUTELE,,,0.0505,,0.84855655,,,,,20.731069,,,,,,0.0132,,,,,0.0505,,,0.0505,,,17.0555,,0.6981,
BAU,14,2030,TRAUTELE,,,0.0641,,1.0883539,,,,,21.434197,,,,,,0.0136,,,,,0.0641,,,0.0641,,,16.7943,,0.8528,
BAU,14,2031,TRAUTELE,,,0.0815,,1.3981162,,,,,27.517129,,,,,,0.0174,,,,,0.0815,,,0.0815,,,20.5337,,1.0433,
BAU,14,2032,TRAUTELE,,,0.0994,,1.7226616,,,,,28.406453,,,,,,0.0179,,,,,0.0994,,,0.0994,,,20.1879,,1.2243,
BAU,14,2033,TRAUTELE,,,0.1178,,2.0622657,,,,,29.301284,,,,,,0.0184,,,,,0.1178,,,0.1178,,,19.8323,,1.3958,
BAU,14,2034,TRAUTELE,,,0.1367,,2.4171704,,,,,30.105687,,,,,,0.0189,,,,,0.1367,,,0.1367,,,19.4064,,1.5581,
BAU,14,2035,TRAUTELE,,,0.1561,,2.787665,,,,,30.910524,,,,,,0.0194,,,,,0.1561,,,0.1561,,,18.9764,,1.7114,
BAU,14,2036,TRAUTELE,,,0.1768,,3.1884112,,,,,32.99301,,,,,,0.0207,,,,,0.1768,,,0.1768,,,19.2903,,1.8642,
BAU,14,2037,TRAUTELE,,,0.198,,3.6055404,,,,,33.799111,,,,,,0.0212,,,,,0.198,,,0.198,,,18.8206,,2.0077,
BAU,14,2038,TRAUTELE,,,0.2198,,4.0411769,,,,,34.765116,,,,,,0.0218,,,,,0.2198,,,0.2198,,,18.4367,,2.1431,
BAU,14,2039,TRAUTELE,,,0.2423,,4.4974514,,,,,35.891158,,,,,,0.0225,,,,,0.2423,,,0.2423,,,18.1275,,2.2715,
BAU,14,2040,TRAUTELE,,,0.2654,,4.972906,,,,,36.860712,,,,,,0.0231,,,,,0.2654,,,0.2654,,,17.7306,,2.3921,
BAU,14,2041,TRAUTELE,,,0.2901,,5.4867193,,,,,58.737742,,,,,,0.0368,,,,,0.2901,,,0.2901,,,26.9084,,2.5135,
BAU,14,2042,TRAUTELE,,,0.3155,,6.0225795,,,,,60.509878,,,,0.99551311,,0.0379,,,,5.5649586,0.3155,,,0.3155,,,26.4003,,2.6276,
BAU,14,2043,TRAUTELE,,,0.3416,,6.5808898,,,,,61.963515,,,,1.989943,,0.0388,,,,11.123862,0.3416,,,0.3416,,,25.7471,,2.7345,
BAU,14,2044,TRAUTELE,,,0.3684,,7.1619539,,,,,63.897212,,,,3.0048244,,0.04,,,,16.79709,0.3684,,,0.3684,,,25.2863,,2.8342,
BAU,14,2045,TRAUTELE,,,0.3959,,7.7661723,,,,,65.676604,,,,4.0208268,,0.0411,,,,22.476585,0.3959,,,0.3959,,,24.7528,,2.927,
BAU,14,2046,TRAUTELE,,,0.4251,,8.4137492,,,,,74.485533,,,,5.5667626,,0.0466,,,,31.118429,0.4251,,,0.4251,,,26.736,,3.0201,
BAU,14,2047,TRAUTELE,,,0.455,,9.085531,,,,,76.424284,,,,6.6949404,,0.0478,,,,37.424988,0.455,,,0.455,,,26.1256,,3.1059,
BAU,14,2048,TRAUTELE,,,0.4857,,9.7839894,,,,,78.524005,,,,7.840703,,0.0491,,,,43.829848,0.4857,,,0.4857,,,25.5652,,3.1854,
BAU,14,2049,TRAUTELE,,,0.5171,,10.50742,,,,,80.470247,,,,8.973405,,0.0503,,,,50.161698,0.5171,,,0.5171,,,24.9512,,3.258,
BAU,14,2050,TRAUTELE,,,0.5493,,11.258288,,,,,82.572307,,,,10.124489,,0.0516,,,,56.596306,0.5493,,,0.5493,,,24.3838,,3.3246,
BAU,14,2051,TRAUTELE,,,0.5592,,11.559559,,,,,48.980533,,,,6.5233489,,0.0306,,,,36.465785,0.5592,,,0.5592,,,13.7753,,3.251,
BAU,14,2052,TRAUTELE,,,0.5692,,11.86634,,,,,49.954386,,,,7.1556777,,0.0312,,,,40.000528,0.5692,,,0.5692,,,13.3802,,3.1784,
BAU,14,2053,TRAUTELE,,,0.5795,,12.183002,,,,,51.412731,,,,7.8570583,,0.0321,,,,43.921274,0.5795,,,0.5795,,,13.1151,,3.1078,
BAU,14,2054,TRAUTELE,,,0.5898,,12.503229,,,,,52.533881,,,,8.5074711,,0.0328,,,,47.557108,0.5898,,,0.5898,,,12.7629,,3.0376,
BAU,14,2055,TRAUTELE,,,0.6004,,12.83349,,,,,53.975359,,,,9.2095107,,0.0337,,,,51.481538,0.6004,,,0.6004,,,12.4887,,2.9694,
BAU,14,2021,TRMOTGSL,,,0.0311,,1.982224,,,,,16.836088,,,,,,0.0311,,,,,0.3664,,,0.3664,,,20.4644,,2.4094,
BAU,14,2022,TRMOTGSL,,,0.0644,,2.144524,,,,,18.027065,,,,,,0.0333,,,,,0.3964,,,0.3964,,,20.8686,,2.4826,
BAU,14,2023,TRMOTGSL,,,0.0862,,2.244609,,,,,11.801502,,,,,,0.0218,,,,,0.4149,,,0.4149,,,13.0112,,2.4747,
BAU,14,2024,TRMOTGSL,,,0.097436364,,2.2875447,,,,,6.0828425,,,,,,0.011236364,,,,,0.42283636,,,0.42283636,,,6.387,,2.4019,
BAU,14,2025,TRMOTGSL,,,0.11217273,,2.3321035,,,,,7.9775791,,,,,,0.014736364,,,,,0.43107273,,,0.43107273,,,7.9776,,2.3321,
BAU,14,2026,TRMOTGSL,,,0.12593636,,2.3719407,,,,,7.45099,,,,,,0.013763636,,,,,0.43843636,,,0.43843636,,,7.0962,,2.259,
BAU,14,2027,TRMOTGSL,,,0.1384,,2.4030185,,,,,6.7408867,,,,,,0.012463636,,,,,0.4446,,,0.4446,,,6.1142,,2.1796,
BAU,14,2028,TRMOTGSL,,,0.1505,,2.4331499,,,,,6.5380571,,,,,,0.0121,,,,,0.4506,,,0.4506,,,5.6478,,2.1018,
BAU,14,2029,TRMOTGSL,,,0.1624,,2.4626805,,,,,6.423933,,,,,,0.0119,,,,,0.4565,,,0.4565,,,5.285,,2.0261,
BAU,14,2030,TRMOTGSL,,,0.1771,,2.4921973,,,,,7.9279643,,,,,,0.0147,,,,,0.4624,,,0.4624,,,6.2118,,1.9527,
BAU,14,2031,TRMOTGSL,,,0.1923,,2.5253774,,,,,8.1898862,,,,,,0.0152,,,,,0.469,,,0.469,,,6.1114,,1.8845,
BAU,14,2032,TRMOTGSL,,,0.2069,,2.5568763,,,,,7.8591683,,,,,,0.0146,,,,,0.4753,,,0.4753,,,5.5854,,1.8171,
BAU,14,2033,TRMOTGSL,,,0.2213,,2.5888485,,,,,7.7441789,,,,,,0.0144,,,,,0.4817,,,0.4817,,,5.2416,,1.7522,
BAU,14,2034,TRMOTGSL,,,0.2352,,2.6191445,,,,,7.4682087,,,,,,0.0139,,,,,0.4878,,,0.4878,,,4.8141,,1.6883,
BAU,14,2035,TRMOTGSL,,,0.2503,,2.6499148,,,,,8.1052602,,,,,,0.0151,,,,,0.494,,,0.494,,,4.9759,,1.6268,
BAU,14,2036,TRMOTGSL,,,0.2668,,2.6902682,,,,,25.526128,,,,,,0.0476,,,,,0.502,,,0.502,,,14.9246,,1.5729,
BAU,14,2037,TRMOTGSL,,,0.28298182,,2.7304427,,,,,26.510092,,,,,,0.049481818,,,,,0.50998182,,,0.50998182,,,14.7618,,1.5204,
BAU,14,2038,TRMOTGSL,,,0.2987,,2.7691773,,,,,20.081427,,,,,,0.037518182,,,,,0.5177,,,0.5177,,,10.6496,,1.4686,
BAU,14,2039,TRMOTGSL,,,0.31400909,,2.8077336,,,,,14.194815,,,,,,0.026545455,,,,,0.52540909,,,0.52540909,,,7.1693,,1.4181,
BAU,14,2040,TRMOTGSL,,,0.3288,,2.8445126,,,,,15.774272,,,,,,0.029527273,,,,,0.5328,,,0.5328,,,7.5877,,1.3683,
BAU,14,2041,TRMOTGSL,,,0.3515,,2.8919321,,,,,19.461306,,,,,,0.036463636,,,,,0.5422,,,0.5422,,,8.9154,,1.3248,
BAU,14,2042,TRMOTGSL,,,0.37321818,,2.9388198,,,,,18.22606,,,,0.29985652,,0.034181818,,,,1.6762101,0.55151818,,,0.55151818,,,7.952,,1.2822,
BAU,14,2043,TRMOTGSL,,,0.39380909,,2.9838701,,,,,17.414451,,,,0.55926078,,0.032690909,,,,3.1262904,0.56050909,,,0.56050909,,,7.2361,,1.2399,
BAU,14,2044,TRMOTGSL,,,0.41356364,,3.0286354,,,,,16.846267,,,,0.79221102,,0.031654545,,,,4.4284917,0.56946364,,,0.56946364,,,6.6666,,1.1985,
BAU,14,2045,TRMOTGSL,,,0.4325,,3.0722079,,,,,17.883852,,,,1.0948781,,0.033636364,,,,6.1204127,0.5782,,,0.5782,,,6.7402,,1.1579,
BAU,14,2046,TRMOTGSL,,,0.4519,,3.1223421,,,,,18.378589,,,,1.3735452,,0.0346,,,,7.6781731,0.5882,,,0.5882,,,6.5969,,1.1207,
BAU,14,2047,TRMOTGSL,,,0.4726,,3.1713136,,,,,18.732443,,,,1.6410044,,0.0353,,,,9.1732811,0.598,,,0.598,,,6.4037,,1.0841,
BAU,14,2048,TRMOTGSL,,,0.4992,,3.2191256,,,,,21.736359,,,,2.1703979,,0.041,,,,12.132612,0.6076,,,0.6076,,,7.0767,,1.0481,
BAU,14,2049,TRMOTGSL,,,0.5234,,3.2668396,,,,,20.179516,,,,2.2502599,,0.0381,,,,12.579044,0.6172,,,0.6172,,,6.257,,1.0129,
BAU,14,2050,TRMOTGSL,,,0.5461,,3.3165709,,,,,20.001382,,,,2.4524419,,0.0378,,,,13.70925,0.6272,,,0.6272,,,5.9065,,0.9794,
BAU,14,2051,TRMOTGSL,,,0.5682,,3.3725395,,,,,36.845379,,,,4.907159,,0.0697,,,,27.431218,0.6384,,,0.6384,,,10.3624,,0.9485,
BAU,14,2052,TRMOTGSL,,,0.5955,,3.4299772,,,,,40.549945,,,,5.8085457,,0.076781818,,,,32.470006,0.6499,,,0.6499,,,10.8612,,0.9187,
BAU,14,2053,TRMOTGSL,,,0.6276,,3.4884183,,,,,36.731256,,,,5.6133882,,0.069618182,,,,31.379068,0.6616,,,0.6616,,,9.3699,,0.8899,
BAU,14,2054,TRMOTGSL,,,0.6591,,3.5477286,,,,,30.595823,,,,4.9547659,,0.058045455,,,,27.697342,0.6735,,,0.6735,,,7.4331,,0.8619,
BAU,14,2055,TRMOTGSL,,,0.6856,,3.60797,,,,,29.503514,,,,5.0340179,,0.056027273,,,,28.140364,0.6856,,,0.6856,,,6.8264,,0.8348,
BAU,14,2026,TRMOTELE,,,0.0009,,0.00160677,,,,,1.1966483,,,,,,0.0009,,,,,0.0009,,,0.0009,,,1.1397,,0.0015,
BAU,14,2027,TRMOTELE,,,0.0018,,0.00324828,,,,,1.2095767,,,,,,0.0009,,,,,0.0018,,,0.0018,,,1.0971,,0.0029,
BAU,14,2028,TRMOTELE,,,0.0027,,0.00492453,,,,,1.2225051,,,,,,0.0009,,,,,0.0027,,,0.0027,,,1.056,,0.0043,
BAU,14,2029,TRMOTELE,,,0.0037,,0.00681984,,,,,1.372704,,,,,,0.001,,,,,0.0037,,,0.0037,,,1.1293,,0.0056,
BAU,14,2030,TRMOTELE,,,0.0047,,0.00875375,,,,,1.3870689,,,,,,0.001,,,,,0.0047,,,0.0047,,,1.0868,,0.0069,
BAU,14,2031,TRMOTELE,,,0.0059,,0.01110203,,,,,1.6817206,,,,,,0.0012,,,,,0.0059,,,0.0059,,,1.2549,,0.0083,
BAU,14,2032,TRMOTELE,,,0.0073,,0.0138773,,,,,1.9821182,,,,,,0.0014,,,,,0.0073,,,0.0073,,,1.4087,,0.0099,
BAU,14,2033,TRMOTELE,,,0.0086,,0.01651458,,,,,1.8592127,,,,,,0.0013,,,,,0.0086,,,0.0086,,,1.2584,,0.0112,
BAU,14,2034,TRMOTELE,,,0.01,,0.019396,,,,,2.02234,,,,,,0.0014,,,,,0.01,,,0.01,,,1.3036,,0.0125,
BAU,14,2035,TRMOTELE,,,0.0114,,0.02233146,,,,,2.0424509,,,,,,0.0014,,,,,0.0114,,,0.0114,,,1.2539,,0.0137,
BAU,14,2036,TRMOTELE,,,0.0129,,0.02551878,,,,,2.2098876,,,,,,0.0015,,,,,0.0129,,,0.0129,,,1.2921,,0.0149,
BAU,14,2037,TRMOTELE,,,0.0144,,0.028764,,,,,2.231435,,,,,,0.0015,,,,,0.0144,,,0.0144,,,1.2425,,0.016,
BAU,14,2038,TRMOTELE,,,0.016,,0.0322688,,,,,2.4031811,,,,,,0.0016,,,,,0.016,,,0.016,,,1.2745,,0.0171,
BAU,14,2039,TRMOTELE,,,0.0176,,0.0358336,,,,,2.426165,,,,,,0.0016,,,,,0.0176,,,0.0176,,,1.2254,,0.0181,
BAU,14,2040,TRMOTELE,,,0.0194,,0.03987282,,,,,2.7552926,,,,,,0.0018,,,,,0.0194,,,0.0194,,,1.3253,,0.0192,
BAU,14,2041,TRMOTELE,,,0.0212,,0.04398152,,,,,4.1717241,,,,,,0.0027,,,,,0.0212,,,0.0212,,,1.9111,,0.0201,
BAU,14,2042,TRMOTELE,,,0.023,,0.0481597,,,,,4.2105093,,,,0.069271619,,0.0027,,,,0.38723116,0.023,,,0.023,,,1.837,,0.021,
BAU,14,2043,TRMOTELE,,,0.0249,,0.05261868,,,,,4.4066758,,,,0.14151931,,0.0028,,,,0.79109866,0.0249,,,0.0249,,,1.8311,,0.0219,
BAU,14,2044,TRMOTELE,,,0.0269,,0.05736425,,,,,4.7645331,,,,0.22405649,,0.003,,,,1.2524849,0.0269,,,0.0269,,,1.8855,,0.0227,
BAU,14,2045,TRMOTELE,,,0.0289,,0.06218702,,,,,4.8076281,,,,0.29433068,,0.003,,,,1.6453205,0.0289,,,0.0289,,,1.8119,,0.0234,
BAU,14,2046,TRMOTELE,,,0.031,,0.0673041,,,,,5.3357951,,,,0.39877682,,0.0033,,,,2.2291786,0.031,,,0.031,,,1.9152,,0.0242,
BAU,14,2047,TRMOTELE,,,0.0332,,0.07272128,,,,,5.872581,,,,0.51445139,,0.0036,,,,2.8758042,0.0332,,,0.0332,,,2.0075,,0.0249,
BAU,14,2048,TRMOTELE,,,0.0355,,0.0784408,,,,,5.9242946,,,,0.59154694,,0.0036,,,,3.3067714,0.0355,,,0.0355,,,1.9288,,0.0255,
BAU,14,2049,TRMOTELE,,,0.0378,,0.08425242,,,,,6.1420085,,,,0.68490817,,0.0037,,,,3.8286645,0.0378,,,0.0378,,,1.9044,,0.0261,
BAU,14,2050,TRMOTELE,,,0.0396,,0.08902872,,,,,5.3579754,,,,0.65696075,,0.0032,,,,3.6724372,0.0396,,,0.0396,,,1.5822,,0.0263,
BAU,14,2051,TRMOTELE,,,0.0403,,0.09138025,,,,,3.7152108,,,,0.494801,,0.0022,,,,2.7659577,0.0403,,,0.0403,,,1.0449,,0.0257,
BAU,14,2052,TRMOTELE,,,0.041,,0.0937588,,,,,3.7468136,,,,0.53670944,,0.0022,,,,3.0002276,0.041,,,0.041,,,1.0036,,0.0251,
BAU,14,2053,TRMOTELE,,,0.0417,,0.09616437,,,,,3.9501626,,,,0.60367651,,0.0023,,,,3.3745761,0.0417,,,0.0417,,,1.0077,,0.0245,
BAU,14,2054,TRMOTELE,,,0.0425,,0.0988295,,,,,4.1563846,,,,0.67309556,,0.0024,,,,3.7626315,0.0425,,,0.0425,,,1.0098,,0.024,
BAU,14,2055,TRMOTELE,,,0.0432,,0.10129104,,,,,4.3654795,,,,0.74485712,,0.0025,,,,4.1637815,0.0432,,,0.0432,,,1.0101,,0.0234,
BAU,14,2021,TRSUVDSL,,,0.0094,,6.85548,,,,,11.340779,,,,,,0.0094,,,,,0.1112,,,0.1112,,,13.7848,,8.3329,
BAU,14,2022,TRSUVDSL,,,0.0228,,7.61994,,,,,16.166642,,,,,,0.0134,,,,,0.1236,,,0.1236,,,18.7149,,8.821,
BAU,14,2023,TRSUVDSL,,,0.0295,,7.971345,,,,,8.0833209,,,,,,0.0067,,,,,0.1293,,,0.1293,,,8.9119,,8.7884,
BAU,14,2024,TRSUVDSL,,,0.0331,,8.131635,,,,,4.3432769,,,,,,0.0036,,,,,0.1319,,,0.1319,,,4.5604,,8.5382,
BAU,14,2025,TRSUVDSL,,,0.0376,,8.28576,,,,,5.4290961,,,,,,0.0045,,,,,0.1344,,,0.1344,,,5.4291,,8.2858,
BAU,14,2026,TRSUVDSL,,,0.051,,8.994735,,,,,16.166642,,,,,,0.0134,,,,,0.1459,,,0.1459,,,15.3968,,8.5664,
BAU,14,2027,TRSUVDSL,,,0.063,,9.608352,,,,,14.463977,,,,,,0.012,,,,,0.156,,,0.156,,,13.1193,,8.7151,
BAU,14,2028,TRSUVDSL,,,0.0748,,10.208507,,,,,14.209525,,,,,,0.0118,,,,,0.1659,,,0.1659,,,12.2747,,8.8185,
BAU,14,2029,TRSUVDSL,,,0.0886,,10.936598,,,,,16.602265,,,,,,0.0138,,,,,0.1779,,,0.1779,,,13.6587,,8.9976,
BAU,14,2030,TRSUVDSL,,,0.1045,,11.736999,,,,,19.11066,,,,,,0.0159,,,,,0.1911,,,0.1911,,,14.9737,,9.1962,
BAU,14,2031,TRSUVDSL,,,0.1209,,12.572705,,,,,19.69302,,,,,,0.0164,,,,,0.2049,,,0.2049,,,14.6952,,9.3819,
BAU,14,2032,TRSUVDSL,,,0.1376,,13.431312,,,,,20.034314,,,,,,0.0167,,,,,0.2191,,,0.2191,,,14.238,,9.5454,
BAU,14,2033,TRSUVDSL,,,0.1544,,14.300521,,,,,20.135222,,,,,,0.0168,,,,,0.2335,,,0.2335,,,13.6283,,9.6792,
BAU,14,2034,TRSUVDSL,,,0.1716,,15.192558,,,,,20.59512,,,,,,0.0172,,,,,0.2483,,,0.2483,,,13.2758,,9.7933,
BAU,14,2035,TRSUVDSL,,,0.1895,,16.107307,,,,,21.41299,,,,,,0.0179,,,,,0.2635,,,0.2635,,,13.1457,,9.8885,
BAU,14,2036,TRSUVDSL,,,0.2086,,17.099684,,,,,34.060977,,,,,,0.0285,,,,,0.28,,,0.28,,,19.9147,,9.9978,
BAU,14,2037,TRSUVDSL,,,0.2406,,18.883338,,,,,54.207037,,,,,,0.0454,,,,,0.3095,,,0.3095,,,30.1845,,10.5149,
BAU,14,2038,TRSUVDSL,,,0.2607,,19.94428,,,,,31.968466,,,,,,0.0268,,,,,0.3272,,,0.3272,,,16.9536,,10.5769,
BAU,14,2039,TRSUVDSL,,,0.2808,,21.009258,,,,,28.243736,,,,,,0.0237,,,,,0.345,,,0.345,,,14.265,,10.6111,
BAU,14,2040,TRSUVDSL,,,0.3015,,22.108711,,,,,30.002727,,,,,,0.0252,,,,,0.3634,,,0.3634,,,14.4318,,10.6347,
BAU,14,2041,TRSUVDSL,,,0.3109,,22.415848,,,,,27.119462,,,,,,0.0228,,,,,0.3688,,,0.3688,,,12.4237,,10.269,
BAU,14,2042,TRSUVDSL,,,0.3198,,22.704143,,,,,24.835798,,,,0.40860044,,0.0209,,,,2.284093,0.3739,,,0.3739,,,10.8358,,9.9057,
BAU,14,2043,TRSUVDSL,,,0.3286,,23.004016,,,,,24.455935,,,,0.7853963,,0.0206,,,,4.3903972,0.3792,,,0.3792,,,10.1619,,9.5586,
BAU,14,2044,TRSUVDSL,,,0.3369,,23.285056,,,,,26.211636,,,,1.232626,,0.0221,,,,6.8904293,0.3842,,,0.3842,,,10.3728,,9.2147,
BAU,14,2045,TRSUVDSL,,,0.3449,,23.565515,,,,,28.319409,,,,1.7337595,,0.0239,,,,9.6917859,0.3892,,,0.3892,,,10.6733,,8.8816,
BAU,14,2046,TRSUVDSL,,,0.3543,,23.93617,,,,,30.541475,,,,2.2825525,,0.0258,,,,12.759561,0.3957,,,0.3957,,,10.9626,,8.5917,
BAU,14,2047,TRSUVDSL,,,0.3659,,24.414811,,,,,33.46882,,,,2.9319444,,0.0283,,,,16.389688,0.404,,,0.404,,,11.4413,,8.3462,
BAU,14,2048,TRSUVDSL,,,0.3793,,24.886451,,,,,35.681584,,,,3.562843,,0.0302,,,,19.916437,0.4122,,,0.4122,,,11.6169,,8.1023,
BAU,14,2049,TRSUVDSL,,,0.392,,25.363214,,,,,35.293212,,,,3.9356197,,0.0299,,,,22.000274,0.4205,,,0.4205,,,10.9433,,7.8643,
BAU,14,2050,TRSUVDSL,,,0.4042,,25.838973,,,,,35.495142,,,,4.3521878,,0.0301,,,,24.328906,0.4288,,,0.4288,,,10.4818,,7.6303,
BAU,14,2051,TRSUVDSL,,,0.4151,,26.271629,,,,,46.417384,,,,6.1819825,,0.0394,,,,34.557533,0.4364,,,0.4364,,,13.0545,,7.3887,
BAU,14,2052,TRSUVDSL,,,0.4278,,26.72149,,,,,68.382062,,,,9.795336,,0.0581,,,,54.756325,0.4443,,,0.4443,,,18.316,,7.1573,
BAU,14,2053,TRSUVDSL,,,0.4419,,27.170392,,,,,48.091754,,,,7.3495359,,0.0409,,,,41.084204,0.4522,,,0.4522,,,12.2679,,6.931,
BAU,14,2054,TRSUVDSL,,,0.4559,,27.630382,,,,,44.286307,,,,7.1718379,,0.0377,,,,40.090865,0.4603,,,0.4603,,,10.7592,,6.7127,
BAU,14,2055,TRSUVDSL,,,0.4686,,28.101473,,,,,44.478254,,,,7.5890733,,0.0379,,,,42.423227,0.4686,,,0.4686,,,10.2913,,6.502,
BAU,14,2021,TRSUVGSL,,,0.0209,,15.061095,,,,,34.277689,,,,,,0.0209,,,,,0.2443,,,0.2443,,,41.6647,,18.3069,
BAU,14,2022,TRSUVGSL,,,0.0399,,16.09065,,,,,31.161535,,,,,,0.019,,,,,0.261,,,0.261,,,36.0734,,18.6269,
BAU,14,2023,TRSUVGSL,,,0.0544,,16.848945,,,,,23.781172,,,,,,0.0145,,,,,0.2733,,,0.2733,,,26.2187,,18.576,
BAU,14,2024,TRSUVGSL,,,0.0617,,17.16336,,,,,11.97259,,,,,,0.0073,,,,,0.2784,,,0.2784,,,12.5712,,18.0215,
BAU,14,2025,TRSUVGSL,,,0.0714,,17.49627,,,,,15.908784,,,,,,0.0097,,,,,0.2838,,,0.2838,,,15.9088,,17.4963,
BAU,14,2026,TRSUVGSL,,,0.0714,,17.231175,,,,,,,,,,,,,,,,0.2795,,,0.2795,,,,,16.4106,
BAU,14,2027,TRSUVGSL,,,0.0714,,16.962437,,,,,,,,,,,,,,,,0.2754,,,0.2754,,,,,15.3854,
BAU,14,2028,TRSUVGSL,,,0.0714,,16.694201,,,,,,,,,,,,,,,,0.2713,,,0.2713,,,,,14.4211,
BAU,14,2029,TRSUVGSL,,,0.0714,,16.432562,,,,,,,,,,,,,,,,0.2673,,,0.26518125,,,,,13.5191,
BAU,14,2030,TRSUVGSL,,,0.0714,,16.054691,,,,,,,,,,,,,,,,0.2614,,,0.25770625,,,,,12.5793,
BAU,14,2031,TRSUVGSL,,,0.0714,,15.689803,,,,,,,,,,,,,,,,0.2557,,,0.2502,,,,,11.708,
BAU,14,2032,TRSUVGSL,,,0.0714,,15.33781,,,,,,,,,,,,,,,,0.2502,,,0.2423,,,,,10.9003,
BAU,14,2033,TRSUVGSL,,,0.0714,,14.99258,,,,,,,,,,,,,,,,0.2448,,,0.23403125,,,,,10.1476,
BAU,14,2034,TRSUVGSL,,,0.0714,,14.660237,,,,,,,,,,,,,,,,0.2396,,,0.2252,,,,,9.4501,
BAU,14,2035,TRSUVGSL,,,0.0714,,14.285684,,,,,,,,,,,,,,,,0.2337,,,0.21604375,,,,,8.7702,
BAU,14,2036,TRSUVGSL,,,0.0505,,12.653766,,,,,,,,,,,,,,,,0.2072,,,0.2072,,,,,7.3984,
BAU,14,2037,TRSUVGSL,,,0.034,,11.299496,,,,,4.0577945,,,,,,0.0025,,,,,0.1852,,,0.1852,,,2.2595,,6.292,
BAU,14,2038,TRSUVGSL,,,0.0292,,10.673115,,,,,15.729284,,,,,,0.0097,,,,,0.1751,,,0.1751,,,8.3416,,5.6602,
BAU,14,2039,TRSUVGSL,,,0.0239,,10.029637,,,,,3.2400672,,,,,,0.002,,,,,0.1647,,,0.1647,,,1.6365,,5.0656,
BAU,14,2040,TRSUVGSL,,,0.0179,,9.3508774,,,,,5.9884185,,,,,,0.0037,,,,,0.1537,,,0.1537,,,2.8805,,4.4979,
BAU,14,2041,TRSUVGSL,,,0.0304,,9.5668507,,,,,20.211868,,,,,,0.0125,,,,,0.1574,,,0.1574,,,9.2593,,4.3827,
BAU,14,2042,TRSUVGSL,,,0.0422,,9.7763225,,,,,19.061807,,,,0.3136063,,0.0118,,,,1.7530719,0.161,,,0.161,,,8.3166,,4.2654,
BAU,14,2043,TRSUVGSL,,,0.0536,,9.9853932,,,,,18.398064,,,,0.59084929,,0.0114,,,,3.3028715,0.1646,,,0.1646,,,7.6448,,4.1491,
BAU,14,2044,TRSUVGSL,,,0.0644,,10.19403,,,,,17.413091,,,,0.81886639,,0.0108,,,,4.5774963,0.1682,,,0.1682,,,6.891,,4.0341,
BAU,14,2045,TRSUVGSL,,,0.0748,,10.408304,,,,,16.752123,,,,1.0255918,,0.0104,,,,5.7330997,0.1719,,,0.1719,,,6.3137,,3.9228,
BAU,14,2046,TRSUVGSL,,,0.0851,,10.640314,,,,,16.575162,,,,1.2387639,,0.0103,,,,6.9247404,0.1759,,,0.1759,,,5.9495,,3.8193,
BAU,14,2047,TRSUVGSL,,,0.0964,,10.871843,,,,,18.166975,,,,1.5914681,,0.0113,,,,8.8963715,0.1799,,,0.1799,,,6.2104,,3.7165,
BAU,14,2048,TRSUVGSL,,,0.1117,,11.102907,,,,,24.574168,,,,2.4537561,,0.0153,,,,13.716596,0.1839,,,0.1839,,,8.0006,,3.6148,
BAU,14,2049,TRSUVGSL,,,0.1254,,11.333527,,,,,21.983194,,,,2.4513918,,0.0137,,,,13.703379,0.1879,,,0.1879,,,6.8163,,3.5142,
BAU,14,2050,TRSUVGSL,,,0.1379,,11.563664,,,,,20.038382,,,,2.4569786,,0.0125,,,,13.73461,0.1919,,,0.1919,,,5.9174,,3.4148,
BAU,14,2051,TRSUVGSL,,,0.1487,,11.763236,,,,,17.296508,,,,2.3035918,,0.0108,,,,12.877172,0.1954,,,0.1954,,,4.8645,,3.3083,
BAU,14,2052,TRSUVGSL,,,0.1627,,11.962423,,,,,26.399776,,,,3.7816156,,0.0165,,,,21.139385,0.1989,,,0.1989,,,7.0711,,3.2041,
BAU,14,2053,TRSUVGSL,,,0.1799,,12.167192,,,,,42.998154,,,,6.5711157,,0.0269,,,,36.732803,0.2025,,,0.2025,,,10.9686,,3.1038,
BAU,14,2054,TRSUVGSL,,,0.1966,,12.377547,,,,,29.862073,,,,4.8359406,,0.0187,,,,27.033104,0.2062,,,0.2062,,,7.2549,,3.0071,
BAU,14,2055,TRSUVGSL,,,0.2098,,12.581496,,,,,26.961587,,,,4.6003034,,0.0169,,,,25.715883,0.2098,,,0.2098,,,6.2383,,2.9111,
BAU,14,2026,TRSUVELE,,,0.0009,,0.01831005,,,,,1.0264229,,,,,,0.0009,,,,,0.0009,,,0.0009,,,0.9775,,0.0174,
BAU,14,2027,TRSUVELE,,,0.0017,,0.03495931,,,,,0.91917776,,,,,,0.0008,,,,,0.0017,,,0.0017,,,0.8337,,0.0317,
BAU,14,2028,TRSUVELE,,,0.0027,,0.05611707,,,,,1.1603074,,,,,,0.001,,,,,0.0027,,,0.0027,,,1.0023,,0.0485,
BAU,14,2029,TRSUVELE,,,0.0035,,0.07351365,,,,,0.93731496,,,,,,0.0008,,,,,0.0035,,,0.0035,,,0.7711,,0.0605,
BAU,14,2030,TRSUVELE,,,0.0045,,0.09550665,,,,,1.1829801,,,,,,0.001,,,,,0.0045,,,0.0045,,,0.9269,,0.0748,
BAU,14,2031,TRSUVELE,,,0.0057,,0.12222795,,,,,1.4331784,,,,,,0.0012,,,,,0.0057,,,0.0057,,,1.0695,,0.0912,
BAU,14,2032,TRSUVELE,,,0.0069,,0.14947677,,,,,1.4399802,,,,,,0.0012,,,,,0.0069,,,0.0069,,,1.0234,,0.1062,
BAU,14,2033,TRSUVELE,,,0.0082,,0.17944142,,,,,1.5673472,,,,,,0.0013,,,,,0.0082,,,0.0082,,,1.0608,,0.1215,
BAU,14,2034,TRSUVELE,,,0.0096,,0.21218784,,,,,1.6892446,,,,,,0.0014,,,,,0.0096,,,0.0096,,,1.0889,,0.1368,
BAU,14,2035,TRSUVELE,,,0.0109,,0.24331743,,,,,1.5698215,,,,,,0.0013,,,,,0.0109,,,0.0109,,,0.9637,,0.1494,
BAU,14,2036,TRSUVELE,,,0.0125,,0.28178125,,,,,1.9336126,,,,,,0.0016,,,,,0.0125,,,0.0125,,,1.1305,,0.1648,
BAU,14,2037,TRSUVELE,,,0.0141,,0.32094843,,,,,1.9351354,,,,,,0.0016,,,,,0.0141,,,0.0141,,,1.0776,,0.1787,
BAU,14,2038,TRSUVELE,,,0.0156,,0.35852076,,,,,1.8156186,,,,,,0.0015,,,,,0.0156,,,0.0156,,,0.9629,,0.1901,
BAU,14,2039,TRSUVELE,,,0.0172,,0.39907268,,,,,1.9381826,,,,,,0.0016,,,,,0.0172,,,0.0172,,,0.9789,,0.2016,
BAU,14,2040,TRSUVELE,,,0.0188,,0.44032796,,,,,1.939707,,,,,,0.0016,,,,,0.0188,,,0.0188,,,0.933,,0.2118,
BAU,14,2041,TRSUVELE,,,0.0205,,0.48465075,,,,,3.1544984,,,,,,0.0026,,,,,0.0205,,,0.0205,,,1.4451,,0.222,
BAU,14,2042,TRSUVELE,,,0.0224,,0.53449312,,,,,3.2783978,,,,0.053936449,,0.0027,,,,0.30150694,0.0224,,,0.0224,,,1.4304,,0.2332,
BAU,14,2043,TRSUVELE,,,0.0242,,0.58276262,,,,,3.4024847,,,,0.10926996,,0.0028,,,,0.61082348,0.0242,,,0.0242,,,1.4138,,0.2421,
BAU,14,2044,TRSUVELE,,,0.0261,,0.63425349,,,,,3.2835402,,,,0.15441146,,0.0027,,,,0.86316632,0.0261,,,0.0261,,,1.2994,,0.251,
BAU,14,2045,TRSUVELE,,,0.028,,0.6865796,,,,,3.529525,,,,0.21608317,,0.0029,,,,1.2079137,0.028,,,0.028,,,1.3302,,0.2588,
BAU,14,2046,TRSUVELE,,,0.0297,,0.73479285,,,,,3.532285,,,,0.26398941,,0.0029,,,,1.4757115,0.0297,,,0.0297,,,1.2679,,0.2637,
BAU,14,2047,TRSUVELE,,,0.0318,,0.79373754,,,,,4.0226413,,,,0.35239248,,0.0033,,,,1.9698883,0.0318,,,0.0318,,,1.3751,,0.2713,
BAU,14,2048,TRSUVELE,,,0.0339,,0.85360539,,,,,4.1477749,,,,0.41415961,,0.0034,,,,2.315169,0.0339,,,0.0339,,,1.3504,,0.2779,
BAU,14,2049,TRSUVELE,,,0.0362,,0.91947638,,,,,4.5172808,,,,0.5037314,,0.0037,,,,2.8158789,0.0362,,,0.0362,,,1.4007,,0.2851,
BAU,14,2050,TRSUVELE,,,0.0384,,0.98379648,,,,,4.2764344,,,,0.5243491,,0.0035,,,,2.9311327,0.0384,,,0.0384,,,1.2628,,0.2905,
BAU,14,2051,TRSUVELE,,,0.0391,,1.0103245,,,,,2.8124198,,,,0.37456504,,0.0023,,,,2.0938338,0.0391,,,0.0391,,,0.791,,0.2841,
BAU,14,2052,TRSUVELE,,,0.0398,,1.0371601,,,,,2.8146087,,,,0.40317646,,0.0023,,,,2.2537728,0.0398,,,0.0398,,,0.7539,,0.2778,
BAU,14,2053,TRSUVELE,,,0.0405,,1.0643035,,,,,2.6943305,,,,0.41175623,,0.0022,,,,2.301734,0.0405,,,0.0405,,,0.6873,,0.2715,
BAU,14,2054,TRSUVELE,,,0.0412,,1.0917547,,,,,2.8168001,,,,0.45615982,,0.0023,,,,2.5499519,0.0412,,,0.0412,,,0.6843,,0.2652,
BAU,14,2055,TRSUVELE,,,0.0419,,1.1195135,,,,,2.8168001,,,,0.4806147,,0.0023,,,,2.6866556,0.0419,,,0.0419,,,0.6517,,0.259,
BAU,14,2021,TRTAXGSL,,,0.0739,,42.967584,,,,,25.541791,,,,,,0.0739,,,,,0.8712,,,0.8712,,,31.0462,,52.2274,
BAU,14,2022,TRTAXGSL,,,0.1533,,46.489032,,,,,27.442736,,,,,,0.0794,,,,,0.9426,,,0.9426,,,31.7684,,53.8169,
BAU,14,2023,TRTAXGSL,,,0.205,,48.65418,,,,,17.868885,,,,,,0.0517,,,,,0.9865,,,0.9865,,,19.7004,,53.6412,
BAU,14,2024,TRTAXGSL,,,0.2319,,49.59126,,,,,9.2973502,,,,,,0.0269,,,,,1.0055,,,1.0055,,,9.7622,,52.0708,
BAU,14,2025,TRTAXGSL,,,0.2668,,50.553,,,,,12.062361,,,,,,0.0349,,,,,1.025,,,1.025,,,12.0624,,50.553,
BAU,14,2026,TRTAXGSL,,,0.2996,,51.421032,,,,,11.336546,,,,,,0.0328,,,,,1.0426,,,1.0426,,,10.7967,,48.9724,
BAU,14,2027,TRTAXGSL,,,0.329,,52.087123,,,,,10.151861,,,,,,0.0294,,,,,1.0571,,,1.0571,,,9.208,,47.2446,
BAU,14,2028,TRTAXGSL,,,0.3578,,52.742129,,,,,9.9353203,,,,,,0.0288,,,,,1.0714,,,1.0714,,,8.5825,,45.5606,
BAU,14,2029,TRTAXGSL,,,0.3864,,53.395703,,,,,9.8570329,,,,,,0.0286,,,,,1.0857,,,1.0857,,,8.1094,,43.9288,
BAU,14,2030,TRTAXGSL,,,0.4213,,54.028296,,,,,12.016995,,,,,,0.0349,,,,,1.0996,,,1.0996,,,9.4156,,42.3326,
BAU,14,2031,TRTAXGSL,,,0.457,,54.733231,,,,,12.280854,,,,,,0.0357,,,,,1.115,,,1.115,,,9.1642,,40.8428,
BAU,14,2032,TRTAXGSL,,,0.4922,,55.436851,,,,,12.097413,,,,,,0.0352,,,,,1.1304,,,1.1304,,,8.5974,,39.3979,
BAU,14,2033,TRTAXGSL,,,0.5263,,56.119331,,,,,37.081973,,,,,,0.108,,,,,1.1454,,,1.1454,,,25.0985,,37.9838,
BAU,14,2034,TRTAXGSL,,,0.5597,,56.79063,,,,,38.6934,,,,,,0.1128,,,,,1.1602,,,1.1602,,,24.9421,,36.6077,
BAU,14,2035,TRTAXGSL,,,0.5952,,57.445884,,,,,29.88358,,,,,,0.0872,,,,,1.1747,,,1.1747,,,18.3459,,35.2668,
BAU,14,2036,TRTAXGSL,,,0.6346,,58.324651,,,,,22.699569,,,,,,0.0663,,,,,1.1938,,,1.1938,,,13.272,,34.1012,
BAU,14,2037,TRTAXGSL,,,0.6729,,59.182004,,,,,25.038184,,,,,,0.0732,,,,,1.2125,,,1.2125,,,13.9422,,32.9548,
BAU,14,2038,TRTAXGSL,,,0.7101,,60.022992,,,,,23.920869,,,,,,0.07,,,,,1.2309,,,1.2309,,,12.6857,,31.8315,
BAU,14,2039,TRTAXGSL,,,0.7468,,60.862273,,,,,22.566652,,,,,,0.0661,,,,,1.2493,,,1.2493,,,11.3977,,30.7396,
BAU,14,2040,TRTAXGSL,,,0.7823,,61.675638,,,,,21.931232,,,,,,0.0643,,,,,1.2672,,,1.2672,,,10.5493,,29.667,
BAU,14,2041,TRTAXGSL,,,0.836,,62.696301,,,,,28.043873,,,,,,0.0823,,,,,1.2894,,,1.2894,,,12.8472,,28.7219,
BAU,14,2042,TRTAXGSL,,,0.8872,,63.695474,,,,,29.310747,,,,,,0.0861,,,,,1.3112,,,1.3112,,,12.7882,,27.7901,
BAU,14,2043,TRTAXGSL,,,0.9364,,64.68305,,,,,28.874643,,,,,,0.0849,,,,,1.3328,,,1.3328,,,11.998,,26.8771,
BAU,14,2044,TRTAXGSL,,,0.9833,,65.644248,,,,,27.895675,,,,,,0.0821,,,,,1.3539,,,1.3539,,,11.0393,,25.9777,
BAU,14,2045,TRTAXGSL,,,1.0284,,66.598644,,,,,51.970086,,,,1.000852,,0.1531,,,,5.5948035,1.3749,,,1.3749,,,19.587,,25.1003,
BAU,14,2046,TRTAXGSL,,,1.0746,,67.68175,,,,,53.921177,,,,2.0270277,,0.159,,,,11.331167,1.3986,,,1.3986,,,19.3546,,24.2938,
BAU,14,2047,TRTAXGSL,,,1.124,,68.753131,,,,,46.28034,,,,2.5475896,,0.1366,,,,14.241129,1.4221,,,1.4221,,,15.8209,,23.5032,
BAU,14,2048,TRTAXGSL,,,1.1872,,69.793211,,,,,43.832759,,,,3.1412262,,0.1295,,,,17.559582,1.445,,,1.445,,,14.2707,,22.7227,
BAU,14,2049,TRTAXGSL,,,1.2447,,70.821515,,,,,44.196453,,,,3.8664636,,0.1307,,,,21.613688,1.4677,,,1.4677,,,13.7039,,21.9595,
BAU,14,2050,TRTAXGSL,,,1.2972,,71.833251,,,,,41.383808,,,,4.2436692,,0.1225,,,,23.722283,1.4901,,,1.4901,,,12.2208,,21.2126,
BAU,14,2051,TRTAXGSL,,,1.3501,,73.059782,,,,,40.162738,,,,4.6943084,,0.119,,,,26.241374,1.517,,,1.517,,,11.2954,,20.5474,
BAU,14,2052,TRTAXGSL,,,1.415,,74.302913,,,,,43.563268,,,,5.6864095,,0.1292,,,,31.78726,1.5443,,,1.5443,,,11.6683,,19.9019,
BAU,14,2053,TRTAXGSL,,,1.4911,,75.557932,,,,,53.357357,,,,7.6582362,,0.1584,,,,42.809851,1.5719,,,1.5719,,,13.6111,,19.2743,
BAU,14,2054,TRTAXGSL,,,1.5657,,76.839202,,,,,54.079905,,,,8.4309937,,0.1607,,,,47.129597,1.6001,,,1.6001,,,13.1385,,18.6678,
BAU,14,2055,TRTAXGSL,,,1.6288,,78.142006,,,,,49.757911,,,,8.3432455,,0.148,,,,46.639081,1.6288,,,1.6288,,,11.5129,,18.0803,
BAU,14,2026,TRTAXELE,,,0.0021,,0.03417876,,,,,0.86945523,,,,,,0.0021,,,,,0.0021,,,0.0021,,,0.8281,,0.0326,
BAU,14,2027,TRTAXELE,,,0.0043,,0.07074102,,,,,0.90229876,,,,,,0.0022,,,,,0.0043,,,0.0043,,,0.8184,,0.0642,
BAU,14,2028,TRTAXELE,,,0.0065,,0.10807745,,,,,0.89618518,,,,,,0.0022,,,,,0.0065,,,0.0065,,,0.7742,,0.0934,
BAU,14,2029,TRTAXELE,,,0.0087,,0.14618697,,,,,0.88966394,,,,,,0.0022,,,,,0.0087,,,0.0087,,,0.7319,,0.1203,
BAU,14,2030,TRTAXELE,,,0.0111,,0.1884669,,,,,0.96387312,,,,,,0.0024,,,,,0.0111,,,0.0111,,,0.7552,,0.1477,
BAU,14,2031,TRTAXELE,,,0.0141,,0.24188268,,,,,1.1965044,,,,,,0.003,,,,,0.0141,,,0.0141,,,0.8929,,0.1805,
BAU,14,2032,TRTAXELE,,,0.0172,,0.29808632,,,,,1.2271992,,,,,,0.0031,,,,,0.0172,,,0.0172,,,0.8721,,0.2118,
BAU,14,2033,TRTAXELE,,,0.0204,,0.3571326,,,,,1.2578934,,,,,,0.0032,,,,,0.0204,,,0.0204,,,0.8514,,0.2417,
BAU,14,2034,TRTAXELE,,,0.0238,,0.42083874,,,,,1.3339924,,,,,,0.0034,,,,,0.0238,,,0.0238,,,0.8599,,0.2713,
BAU,14,2035,TRTAXELE,,,0.0271,,0.48395722,,,,,1.2917005,,,,,,0.0033,,,,,0.0271,,,0.0271,,,0.793,,0.2971,
BAU,14,2036,TRTAXELE,,,0.0306,,0.5518404,,,,,1.3673915,,,,,,0.0035,,,,,0.0306,,,0.0306,,,0.7995,,0.3226,
BAU,14,2037,TRTAXELE,,,0.0343,,0.62459614,,,,,1.4427865,,,,,,0.0037,,,,,0.0343,,,0.0343,,,0.8034,,0.3478,
BAU,14,2038,TRTAXELE,,,0.0382,,0.70233374,,,,,2.3352072,,,,,,0.006,,,,,0.0382,,,0.0382,,,1.2384,,0.3725,
BAU,14,2039,TRTAXELE,,,0.042,,0.779583,,,,,2.3296494,,,,,,0.006,,,,,0.042,,,0.042,,,1.1766,,0.3937,
BAU,14,2040,TRTAXELE,,,0.046,,0.8619204,,,,,2.4027102,,,,,,0.0062,,,,,0.046,,,0.046,,,1.1557,,0.4146,
BAU,14,2041,TRTAXELE,,,0.0503,,0.95133396,,,,,2.5141532,,,,,,0.0065,,,,,0.0503,,,0.0503,,,1.1518,,0.4358,
BAU,14,2042,TRTAXELE,,,0.0547,,1.0441683,,,,,2.6251522,,,,,,0.0068,,,,,0.0547,,,0.0547,,,1.1453,,0.4556,
BAU,14,2043,TRTAXELE,,,0.0592,,1.1404821,,,,,2.889831,,,,,,0.0075,,,,,0.0592,,,0.0592,,,1.2008,,0.4739,
BAU,14,2044,TRTAXELE,,,0.0639,,1.2422607,,,,,2.9981983,,,,,,0.0078,,,,,0.0639,,,0.0639,,,1.1865,,0.4916,
BAU,14,2045,TRTAXELE,,,0.0687,,1.3476536,,,,,3.0691472,,,,0.059106353,,0.008,,,,0.33040691,0.0687,,,0.0687,,,1.1567,,0.5079,
BAU,14,2046,TRTAXELE,,,0.0738,,1.4606791,,,,,3.2546704,,,,0.12235095,,0.0085,,,,0.68394676,0.0738,,,0.0738,,,1.1682,,0.5243,
BAU,14,2047,TRTAXELE,,,0.0789,,1.575491,,,,,3.2101549,,,,0.1767091,,0.0084,,,,0.98781105,0.0789,,,0.0789,,,1.0974,,0.5386,
BAU,14,2048,TRTAXELE,,,0.0843,,1.6981476,,,,,3.3929915,,,,0.24315499,,0.0089,,,,1.3592463,0.0843,,,0.0843,,,1.1047,,0.5529,
BAU,14,2049,TRTAXELE,,,0.0898,,1.824727,,,,,3.5005439,,,,0.30624008,,0.0092,,,,1.7118945,0.0898,,,0.0898,,,1.0854,,0.5658,
BAU,14,2050,TRTAXELE,,,0.0954,,1.9552898,,,,,4.4051336,,,,0.45172088,,0.0116,,,,2.525138,0.0954,,,0.0954,,,1.3008,,0.5774,
BAU,14,2051,TRTAXELE,,,0.097,,2.0051452,,,,,2.8804897,,,,0.33667791,,0.0076,,,,1.8820432,0.097,,,0.097,,,0.8101,,0.5639,
BAU,14,2052,TRTAXELE,,,0.0988,,2.0597231,,,,,3.0261664,,,,0.39501217,,0.008,,,,2.2081341,0.0988,,,0.0988,,,0.8106,,0.5517,
BAU,14,2053,TRTAXELE,,,0.1006,,2.114944,,,,,3.1319594,,,,0.4495216,,0.0083,,,,2.512844,0.1006,,,0.1006,,,0.7989,,0.5395,
BAU,14,2054,TRTAXELE,,,0.1024,,2.1707878,,,,,3.2451627,,,,0.50591706,,0.0086,,,,2.8280969,0.1024,,,0.1024,,,0.7884,,0.5274,
BAU,14,2055,TRTAXELE,,,0.1042,,2.2272646,,,,,3.5093039,,,,0.58842872,,0.0093,,,,3.2893404,0.1042,,,0.1042,,,0.812,,0.5153,
BAU,14,2021,TRMBSDSL,,,0.0061,,11.878308,,,,,13.724571,,,,,,0.0061,,,,,0.0663,,,0.0663,,,16.6823,,14.4382,
BAU,14,2022,TRMBSDSL,,,0.0121,,12.845772,,,,,13.499578,,,,,,0.006,,,,,0.0717,,,0.0717,,,15.6274,,14.8706,
BAU,14,2023,TRMBSDSL,,,0.0161,,13.454916,,,,,8.9997188,,,,,,0.004,,,,,0.0751,,,0.0751,,,9.9222,,14.834,
BAU,14,2024,TRMBSDSL,,,0.0181,,13.70574,,,,,4.4998594,,,,,,0.002,,,,,0.0765,,,0.0765,,,4.7249,,14.391,
BAU,14,2025,TRMBSDSL,,,0.0208,,13.97448,,,,,6.0748102,,,,,,0.0027,,,,,0.078,,,0.078,,,6.0748,,13.9745,
BAU,14,2026,TRMBSDSL,,,0.0232,,14.207388,,,,,5.3998313,,,,,,0.0024,,,,,0.0793,,,0.0793,,,5.1427,,13.5308,
BAU,14,2027,TRMBSDSL,,,0.0261,,14.516211,,,,,6.5186612,,,,,,0.0029,,,,,0.0811,,,0.0811,,,5.9126,,13.1666,
BAU,14,2028,TRMBSDSL,,,0.0283,,14.699259,,,,,4.9405371,,,,,,0.0022,,,,,0.0822,,,0.0822,,,4.2678,,12.6978,
BAU,14,2029,TRMBSDSL,,,0.0306,,14.899794,,,,,5.1602414,,,,,,0.0023,,,,,0.0834,,,0.0834,,,4.2453,,12.2581,
BAU,14,2030,TRMBSDSL,,,0.0333,,15.082084,,,,,6.0519628,,,,,,0.0027,,,,,0.0845,,,0.0845,,,4.7419,,11.8172,
BAU,14,2031,TRMBSDSL,,,0.036,,15.281827,,,,,6.0462509,,,,,,0.0027,,,,,0.0857,,,0.0857,,,4.5118,,11.4035,
BAU,14,2032,TRMBSDSL,,,0.0387,,15.481174,,,,,6.0405391,,,,,,0.0027,,,,,0.0869,,,0.0869,,,4.2929,,11.0022,
BAU,14,2033,TRMBSDSL,,,0.0415,,15.697907,,,,,19.892579,,,,,,0.0089,,,,,0.0882,,,0.0882,,,13.4641,,10.625,
BAU,14,2034,TRMBSDSL,,,0.0441,,15.896429,,,,,19.203849,,,,,,0.0086,,,,,0.0894,,,0.0894,,,12.379,,10.247,
BAU,14,2035,TRMBSDSL,,,0.0469,,16.094537,,,,,15.170053,,,,,,0.0068,,,,,0.0906,,,0.0906,,,9.3131,,9.8806,
BAU,14,2036,TRMBSDSL,,,0.0499,,16.345484,,,,,11.143874,,,,,,0.005,,,,,0.0921,,,0.0921,,,6.5156,,9.5569,
BAU,14,2037,TRMBSDSL,,,0.0529,,16.595935,,,,,12.691957,,,,,,0.0057,,,,,0.0936,,,0.0936,,,7.0674,,9.2412,
BAU,14,2038,TRMBSDSL,,,0.0559,,16.863585,,,,,12.012536,,,,,,0.0054,,,,,0.0952,,,0.0952,,,6.3705,,8.9431,
BAU,14,2039,TRMBSDSL,,,0.0587,,17.095312,,,,,12.667841,,,,,,0.0057,,,,,0.0966,,,0.0966,,,6.3981,,8.6343,
BAU,14,2040,TRMBSDSL,,,0.0613,,17.308877,,,,,10.657501,,,,,,0.0048,,,,,0.0979,,,0.0979,,,5.1264,,8.3259,
BAU,14,2041,TRMBSDSL,,,0.0653,,17.575003,,,,,13.974642,,,,,,0.0063,,,,,0.0995,,,0.0995,,,6.4019,,8.0513,
BAU,14,2042,TRMBSDSL,,,0.0687,,17.769995,,,,,13.518098,,,,,,0.0061,,,,,0.1007,,,0.1007,,,5.8979,,7.753,
BAU,14,2043,TRMBSDSL,,,0.0722,,17.999852,,,,,13.72659,,,,,,0.0062,,,,,0.1021,,,0.1021,,,5.7037,,7.4793,
BAU,14,2044,TRMBSDSL,,,0.0752,,18.176389,,,,,12.607549,,,,,,0.0057,,,,,0.1032,,,0.1032,,,4.9892,,7.193,
BAU,14,2045,TRMBSDSL,,,0.0784,,18.405343,,,,,26.737796,,,,0.51492271,,0.0121,,,,2.8784389,0.1046,,,0.1046,,,10.0772,,6.9368,
BAU,14,2046,TRMBSDSL,,,0.0818,,18.686573,,,,,26.491436,,,,0.9958773,,0.012,,,,5.5669945,0.1063,,,0.1063,,,9.5089,,6.7074,
BAU,14,2047,TRMBSDSL,,,0.086,,19.05503,,,,,24.260545,,,,1.335468,,0.011,,,,7.4653202,0.1085,,,0.1085,,,8.2935,,6.514,
BAU,14,2048,TRMBSDSL,,,0.0913,,19.440303,,,,,22.694903,,,,1.6264051,,0.0103,,,,9.0916706,0.1108,,,0.1108,,,7.3888,,6.3292,
BAU,14,2049,TRMBSDSL,,,0.0962,,19.807262,,,,,23.333495,,,,2.0412975,,0.0106,,,,11.410936,0.113,,,0.113,,,7.235,,6.1416,
BAU,14,2050,TRMBSDSL,,,0.1006,,20.17349,,,,,21.551744,,,,2.2100063,,0.0098,,,,12.354025,0.1152,,,0.1152,,,6.3643,,5.9573,
BAU,14,2051,TRMBSDSL,,,0.1048,,20.538966,,,,,21.750717,,,,2.5422712,,0.0099,,,,14.211399,0.1174,,,0.1174,,,6.1172,,5.7764,
BAU,14,2052,TRMBSDSL,,,0.1096,,20.868756,,,,,21.071295,,,,2.7504826,,0.0096,,,,15.37531,0.1194,,,0.1194,,,5.6439,,5.5897,
BAU,14,2053,TRMBSDSL,,,0.1155,,21.232783,,,,,26.752295,,,,3.8396842,,0.0122,,,,21.46399,0.1216,,,0.1216,,,6.8243,,5.4163,
BAU,14,2054,TRMBSDSL,,,0.1211,,21.578624,,,,,25.631139,,,,3.9958644,,0.0117,,,,22.337044,0.1237,,,0.1237,,,6.227,,5.2424,
BAU,14,2055,TRMBSDSL,,,0.1259,,21.941197,,,,,24.074381,,,,4.0367144,,0.011,,,,22.565397,0.1259,,,0.1259,,,5.5703,,5.0767,
BAU,14,2021,TRMBSGSL,,,0.0031,,7.560552,,,,,7.53943,,,,,,0.0031,,,,,0.0422,,,0.0422,,,9.1642,,9.1899,
BAU,14,2022,TRMBSGSL,,,0.007,,8.187612,,,,,9.4850894,,,,,,0.0039,,,,,0.0457,,,0.0457,,,10.9802,,9.4782,
BAU,14,2023,TRMBSGSL,,,0.0095,,8.563848,,,,,6.0801855,,,,,,0.0025,,,,,0.0478,,,0.0478,,,6.7034,,9.4416,
BAU,14,2024,TRMBSGSL,,,0.0108,,8.743008,,,,,3.1616965,,,,,,0.0013,,,,,0.0488,,,0.0488,,,3.3198,,9.1802,
BAU,14,2025,TRMBSGSL,,,0.0125,,8.904252,,,,,4.1345261,,,,,,0.0017,,,,,0.0497,,,0.0497,,,4.1345,,8.9043,
BAU,14,2026,TRMBSGSL,,,0.014,,9.04758,,,,,3.6481113,,,,,,0.0015,,,,,0.0505,,,0.0505,,,3.4744,,8.6167,
BAU,14,2027,TRMBSGSL,,,0.0149,,9.0569699,,,,,2.1868087,,,,,,0.0009,,,,,0.0506,,,0.0506,,,1.9835,,8.2149,
BAU,14,2028,TRMBSGSL,,,0.0162,,9.1557427,,,,,3.1557509,,,,,,0.0013,,,,,0.0512,,,0.0512,,,2.7261,,7.9091,
BAU,14,2029,TRMBSGSL,,,0.0175,,9.2543083,,,,,3.1527781,,,,,,0.0013,,,,,0.0518,,,0.0518,,,2.5938,,7.6135,
BAU,14,2030,TRMBSGSL,,,0.0192,,9.3705255,,,,,4.1189761,,,,,,0.0017,,,,,0.0525,,,0.0525,,,3.2273,,7.3421,
BAU,14,2031,TRMBSGSL,,,0.0208,,9.4686699,,,,,3.8730246,,,,,,0.0016,,,,,0.0531,,,0.0531,,,2.8901,,7.0657,
BAU,14,2032,TRMBSGSL,,,0.0225,,9.5844323,,,,,4.1112011,,,,,,0.0017,,,,,0.0538,,,0.0538,,,2.9218,,6.8115,
BAU,14,2033,TRMBSGSL,,,0.024,,9.6821555,,,,,11.113907,,,,,,0.0046,,,,,0.0544,,,0.0544,,,7.5223,,6.5533,
BAU,14,2034,TRMBSGSL,,,0.0256,,9.7974632,,,,,13.275791,,,,,,0.0055,,,,,0.0551,,,0.0551,,,8.5577,,6.3155,
BAU,14,2035,TRMBSGSL,,,0.0273,,9.8947652,,,,,10.128272,,,,,,0.0042,,,,,0.0557,,,0.0557,,,6.2179,,6.0745,
BAU,14,2036,TRMBSGSL,,,0.0292,,10.045108,,,,,7.7094611,,,,,,0.0032,,,,,0.0566,,,0.0566,,,4.5076,,5.8732,
BAU,14,2037,TRMBSGSL,,,0.0309,,10.177422,,,,,8.1835273,,,,,,0.0034,,,,,0.0574,,,0.0574,,,4.5569,,5.6672,
BAU,14,2038,TRMBSGSL,,,0.0326,,10.309461,,,,,7.6948256,,,,,,0.0032,,,,,0.0582,,,0.0582,,,4.0807,,5.4673,
BAU,14,2039,TRMBSGSL,,,0.0344,,10.458933,,,,,6.486335,,,,,,0.0027,,,,,0.0591,,,0.0591,,,3.276,,5.2825,
BAU,14,2040,TRMBSGSL,,,0.0361,,10.590416,,,,,7.2001785,,,,,,0.003,,,,,0.0599,,,0.0599,,,3.4634,,5.0942,
BAU,14,2041,TRMBSGSL,,,0.039,,10.809952,,,,,10.070645,,,,,,0.0042,,,,,0.0612,,,0.0612,,,4.6135,,4.9522,
BAU,14,2042,TRMBSGSL,,,0.0418,,11.04669,,,,,10.779687,,,,,,0.0045,,,,,0.0626,,,0.0626,,,4.7031,,4.8196,
BAU,14,2043,TRMBSGSL,,,0.0444,,11.265334,,,,,10.051437,,,,,,0.0042,,,,,0.0639,,,0.0639,,,4.1766,,4.681,
BAU,14,2044,TRMBSGSL,,,0.0472,,11.518758,,,,,10.759106,,,,,,0.0045,,,,,0.0654,,,0.0654,,,4.2577,,4.5584,
BAU,14,2045,TRMBSGSL,,,0.0498,,11.754081,,,,,17.198105,,,,0.33120512,,0.0072,,,,1.8514501,0.0668,,,0.0668,,,6.4818,,4.43,
BAU,14,2046,TRMBSGSL,,,0.0523,,11.988939,,,,,19.090711,,,,0.7176661,,0.008,,,,4.0117826,0.0682,,,0.0682,,,6.8525,,4.3033,
BAU,14,2047,TRMBSGSL,,,0.0551,,12.240881,,,,,16.688365,,,,0.91864287,,0.007,,,,5.1352509,0.0697,,,0.0697,,,5.7049,,4.1845,
BAU,14,2048,TRMBSGSL,,,0.0585,,12.492325,,,,,15.719652,,,,1.1265315,,0.0066,,,,6.2973566,0.0712,,,0.0712,,,5.1179,,4.0671,
BAU,14,2049,TRMBSGSL,,,0.0618,,12.743256,,,,,15.942507,,,,1.3947074,,0.0067,,,,7.7964711,0.0727,,,0.0727,,,4.9433,,3.9513,
BAU,14,2050,TRMBSGSL,,,0.0647,,12.993689,,,,,14.500871,,,,1.4869801,,0.0061,,,,8.3122789,0.0742,,,0.0742,,,4.2821,,3.8371,
BAU,14,2051,TRMBSGSL,,,0.0674,,13.226114,,,,,12.824488,,,,1.4989541,,0.0054,,,,8.379214,0.0756,,,0.0756,,,3.6068,,3.7197,
BAU,14,2052,TRMBSGSL,,,0.0706,,13.440597,,,,,14.710233,,,,1.9201592,,0.0062,,,,10.733768,0.0769,,,0.0769,,,3.9401,,3.6,
BAU,14,2053,TRMBSGSL,,,0.0743,,13.672096,,,,,18.72562,,,,2.6876372,,0.0079,,,,15.024001,0.0783,,,0.0783,,,4.7768,,3.4877,
BAU,14,2054,TRMBSGSL,,,0.078,,13.903123,,,,,19.417967,,,,3.0272383,,0.0082,,,,16.922385,0.0797,,,0.0797,,,4.7175,,3.3777,
BAU,14,2055,TRMBSGSL,,,0.0811,,14.133686,,,,,17.270033,,,,2.8957833,,0.0073,,,,16.187546,0.0811,,,0.0811,,,3.9959,,3.2702,
BAU,14,2026,TRMBSELE,,,0.0003,,0.01773684,,,,,0.76255974,,,,,,0.0003,,,,,0.0003,,,0.0003,,,0.7262,,0.0169,
BAU,14,2027,TRMBSELE,,,0.0005,,0.0298808,,,,,0.51235612,,,,,,0.0002,,,,,0.0005,,,0.0005,,,0.4647,,0.0271,
BAU,14,2028,TRMBSELE,,,0.0008,,0.04832024,,,,,0.77648016,,,,,,0.0003,,,,,0.0008,,,0.0008,,,0.6708,,0.0417,
BAU,14,2029,TRMBSELE,,,0.0011,,0.06714301,,,,,0.78442539,,,,,,0.0003,,,,,0.0011,,,0.0011,,,0.6453,,0.0552,
BAU,14,2030,TRMBSELE,,,0.0014,,0.08634892,,,,,0.79237137,,,,,,0.0003,,,,,0.0014,,,0.0014,,,0.6208,,0.0677,
BAU,14,2031,TRMBSELE,,,0.0018,,0.11216988,,,,,1.0670888,,,,,,0.0004,,,,,0.0018,,,0.0018,,,0.7963,,0.0837,
BAU,14,2032,TRMBSELE,,,0.0022,,0.13850166,,,,,1.072427,,,,,,0.0004,,,,,0.0022,,,0.0022,,,0.7622,,0.0984,
BAU,14,2033,TRMBSELE,,,0.0026,,0.16534466,,,,,1.0776835,,,,,,0.0004,,,,,0.0026,,,0.0026,,,0.7294,,0.1119,
BAU,14,2034,TRMBSELE,,,0.0029,,0.18627512,,,,,0.80894019,,,,,,0.0003,,,,,0.0029,,,0.0029,,,0.5215,,0.1201,
BAU,14,2035,TRMBSELE,,,0.0034,,0.22056344,,,,,1.3493618,,,,,,0.0005,,,,,0.0034,,,0.0034,,,0.8284,,0.1354,
BAU,14,2036,TRMBSELE,,,0.0038,,0.24893914,,,,,1.0803929,,,,,,0.0004,,,,,0.0038,,,0.0038,,,0.6317,,0.1455,
BAU,14,2037,TRMBSELE,,,0.0043,,0.28444113,,,,,1.3516205,,,,,,0.0005,,,,,0.0043,,,0.0043,,,0.7526,,0.1584,
BAU,14,2038,TRMBSELE,,,0.0047,,0.31390313,,,,,1.8937068,,,,,,0.0007,,,,,0.0047,,,0.0047,,,1.0043,,0.1665,
BAU,14,2039,TRMBSELE,,,0.0052,,0.35061832,,,,,1.8952879,,,,,,0.0007,,,,,0.0052,,,0.0052,,,0.9572,,0.1771,
BAU,14,2040,TRMBSELE,,,0.0058,,0.39477932,,,,,2.4388293,,,,,,0.0009,,,,,0.0058,,,0.0058,,,1.1731,,0.1899,
BAU,14,2041,TRMBSELE,,,0.0062,,0.42596542,,,,,1.8984483,,,,,,0.0007,,,,,0.0062,,,0.0062,,,0.8697,,0.1951,
BAU,14,2042,TRMBSELE,,,0.0068,,0.47153172,,,,,2.4428949,,,,,,0.0009,,,,,0.0068,,,0.0068,,,1.0658,,0.2057,
BAU,14,2043,TRMBSELE,,,0.0074,,0.51786384,,,,,2.7165863,,,,,,0.001,,,,,0.0074,,,0.0074,,,1.1288,,0.2152,
BAU,14,2044,TRMBSELE,,,0.008,,0.5649632,,,,,2.7186408,,,,,,0.001,,,,,0.008,,,0.008,,,1.0759,,0.2236,
BAU,14,2045,TRMBSELE,,,0.0085,,0.60570235,,,,,2.4488096,,,,0.047159746,,0.0009,,,,0.26362489,0.0085,,,0.0085,,,0.9229,,0.2283,
BAU,14,2046,TRMBSELE,,,0.0091,,0.65427089,,,,,2.4508402,,,,0.092133024,,0.0009,,,,0.51502734,0.0091,,,0.0091,,,0.8797,,0.2348,
BAU,14,2047,TRMBSELE,,,0.0097,,0.70360599,,,,,2.9979558,,,,0.1650282,,0.0011,,,,0.92251432,0.0097,,,0.0097,,,1.0249,,0.2405,
BAU,14,2048,TRMBSELE,,,0.0104,,0.76102416,,,,,3.0004404,,,,0.21502325,,0.0011,,,,1.2019887,0.0104,,,0.0104,,,0.9769,,0.2478,
BAU,14,2049,TRMBSELE,,,0.011,,0.8119562,,,,,3.002925,,,,0.2627066,,0.0011,,,,1.4685406,0.011,,,0.011,,,0.9311,,0.2518,
BAU,14,2050,TRMBSELE,,,0.0117,,0.87109893,,,,,3.8247807,,,,0.39220905,,0.0014,,,,2.1924645,0.0117,,,0.0117,,,1.1295,,0.2572,
BAU,14,2051,TRMBSELE,,,0.0119,,0.89359123,,,,,2.4608182,,,,0.28762579,,0.0009,,,,1.6078398,0.0119,,,0.0119,,,0.6921,,0.2513,
BAU,14,2052,TRMBSELE,,,0.0122,,0.92391088,,,,,3.2838013,,,,0.42864183,,0.0012,,,,2.3961252,0.0122,,,0.0122,,,0.8796,,0.2475,
BAU,14,2053,TRMBSELE,,,0.0123,,0.93934116,,,,,2.1892009,,,,0.31421004,,0.0008,,,,1.7564469,0.0123,,,0.0123,,,0.5585,,0.2396,
BAU,14,2054,TRMBSELE,,,0.0126,,0.97029954,,,,,3.2838013,,,,0.51194077,,0.0012,,,,2.8617697,0.0126,,,0.0126,,,0.7978,,0.2357,
BAU,14,2055,TRMBSELE,,,0.0128,,0.99387776,,,,,3.2838013,,,,0.55061718,,0.0012,,,,3.0779724,0.0128,,,0.0128,,,0.7598,,0.23,
BAU,14,2021,TRBPUDSL,,,0.00045592657,,1.0059311,,,,,1.0798982,,,,,,0.00045592657,,,,,0.0058559266,,,0.0058559266,,,1.3126,,1.2227,
BAU,14,2022,TRBPUDSL,,,0.0010304126,,1.0874383,,,,,1.3607156,,,,,,0.00057448601,,,,,0.0063304126,,,0.0063304126,,,1.5752,,1.2588,
BAU,14,2023,TRBPUDSL,,,0.0014188217,,1.1369812,,,,,0.91997765,,,,,,0.00038840909,,,,,0.0066188217,,,0.0066188217,,,1.0143,,1.2535,
BAU,14,2024,TRBPUDSL,,,0.0015322762,,1.1564704,,,,,0.26872607,,,,,,0.00011345455,,,,,0.0067322762,,,0.0067322762,,,0.2822,,1.2143,
BAU,14,2025,TRBPUDSL,,,0.0018,,1.185282,,,,,0.63412494,,,,,,0.00026772378,,,,,0.0069,,,0.0069,,,0.6341,,1.1853,
BAU,14,2026,TRBPUDSL,,,0.0020221224,,1.2062602,,,,,0.52611442,,,,,,0.00022212238,,,,,0.0070221224,,,0.0070221224,,,0.5011,,1.1488,
BAU,14,2027,TRBPUDSL,,,0.0022262028,,1.2229882,,,,,0.48292611,,,,,,0.00020408042,,,,,0.0071262028,,,0.0071262028,,,0.438,,1.1093,
BAU,14,2028,TRBPUDSL,,,0.0025,,1.2516361,,,,,0.64729081,,,,,,0.0002737972,,,,,0.0073,,,0.0073,,,0.5592,,1.0812,
BAU,14,2029,TRBPUDSL,,,0.0025528007,,1.2423721,,,,,0.12470986,,,,,,5.2800699e-05,,,,,0.0072528007,,,0.0072528007,,,0.1026,,1.0221,
BAU,14,2030,TRBPUDSL,,,0.0027428951,,1.2566183,,,,,0.44856022,,,,,,0.00019009441,,,,,0.0073428951,,,0.0073428951,,,0.3515,,0.9846,
BAU,14,2031,TRBPUDSL,,,0.0031,,1.282293,,,,,0.84185472,,,,,,0.0003571049,,,,,0.0075,,,0.0075,,,0.6282,,0.9569,
BAU,14,2032,TRBPUDSL,,,0.0033163741,,1.3009597,,,,,0.50960795,,,,,,0.00021637413,,,,,0.0076163741,,,0.0076163741,,,0.3622,,0.9246,
BAU,14,2033,TRBPUDSL,,,0.0035272867,,1.3186568,,,,,1.5690657,,,,,,0.00066683916,,,,,0.0077272867,,,0.0077272867,,,1.062,,0.8925,
BAU,14,2034,TRBPUDSL,,,0.0037706224,,1.3247971,,,,,1.9225046,,,,,,0.00081782168,,,,,0.0077706224,,,0.0077706224,,,1.2393,,0.854,
BAU,14,2035,TRBPUDSL,,,0.004,,1.3455786,,,,,1.450894,,,,,,0.00061778671,,,,,0.0079,,,0.0079,,,0.8907,,0.8261,
BAU,14,2036,TRBPUDSL,,,0.0042261364,,1.3657659,,,,,0.79678504,,,,,,0.00033959091,,,,,0.0080261364,,,0.0080261364,,,0.4659,,0.7985,
BAU,14,2037,TRBPUDSL,,,0.0045742343,,1.3896468,,,,,1.4435361,,,,,,0.00061582168,,,,,0.0081742343,,,0.0081742343,,,0.8038,,0.7738,
BAU,14,2038,TRBPUDSL,,,0.0047170874,,1.3956049,,,,,0.8547195,,,,,,0.00036497552,,,,,0.0082170874,,,0.0082170874,,,0.4533,,0.7401,
BAU,14,2039,TRBPUDSL,,,0.005,,1.4253145,,,,,1.1393821,,,,,,0.00048699301,,,,,0.0084,,,0.0084,,,0.5755,,0.7199,
BAU,14,2040,TRBPUDSL,,,0.005208993,,1.4424343,,,,,1.1284739,,,,,,0.00048279021,,,,,0.008508993,,,0.008508993,,,0.5428,,0.6938,
BAU,14,2041,TRBPUDSL,,,0.0056,,1.4564728,,,,,1.0363678,,,,,,0.00044380769,,,,,0.0086,,,0.0086,,,0.4748,,0.6672,
BAU,14,2042,TRBPUDSL,,,0.006,,1.4889222,,,,,1.3766584,,,,,,0.00059009441,,,,,0.0088,,,0.0088,,,0.6006,,0.6496,
BAU,14,2043,TRBPUDSL,,,0.0062378252,,1.5107981,,,,,1.3866148,,,,,,0.00059493007,,,,,0.0089378252,,,0.0089378252,,,0.5762,,0.6278,
BAU,14,2044,TRBPUDSL,,,0.0066205664,,1.5402147,,,,,1.3950354,,,,,,0.00059911538,,,,,0.0091205664,,,0.0091205664,,,0.5521,,0.6095,
BAU,14,2045,TRBPUDSL,,,0.0068638916,,1.5460511,,,,,2.1172833,,,,0.040775137,,0.00091016434,,,,0.22793467,0.0091638916,,,0.0091638916,,,0.798,,0.5827,
BAU,14,2046,TRBPUDSL,,,0.0072,,1.5843672,,,,,2.6817771,,,,0.1008145,,0.0011539301,,,,0.56355715,0.0094,,,0.0094,,,0.9626,,0.5687,
BAU,14,2047,TRBPUDSL,,,0.0075,,1.5996879,,,,,2.1309271,,,,0.11730095,,0.00091778671,,,,0.65571705,0.0095,,,0.0095,,,0.7285,,0.5469,
BAU,14,2048,TRBPUDSL,,,0.0079,,1.6149754,,,,,1.715543,,,,0.1229425,,0.00073959091,,,,0.68725354,0.0096,,,0.0096,,,0.5585,,0.5258,
BAU,14,2049,TRBPUDSL,,,0.0084,,1.6638445,,,,,2.5857568,,,,0.22621125,,0.0011158217,,,,1.26453,0.0099,,,0.0099,,,0.8018,,0.5159,
BAU,14,2050,TRBPUDSL,,,0.0087,,1.679036,,,,,1.5395045,,,,0.15786725,,0.00066497552,,,,0.88248432,0.01,,,0.01,,,0.4546,,0.4958,
BAU,14,2051,TRBPUDSL,,,0.0092,,1.7277436,,,,,2.2828186,,,,0.26682081,,0.00098699301,,,,1.4915392,0.0103,,,0.0103,,,0.642,,0.4859,
BAU,14,2052,TRBPUDSL,,,0.0095,,1.7428382,,,,,1.8087742,,,,0.23610328,,0.00078279021,,,,1.3198269,0.0104,,,0.0104,,,0.4845,,0.4668,
BAU,14,2053,TRBPUDSL,,,0.0102,,1.7913844,,,,,2.640421,,,,0.37897245,,0.0011438077,,,,2.1184713,0.0107,,,0.0107,,,0.6736,,0.457,
BAU,14,2054,TRBPUDSL,,,0.0106,,1.806381,,,,,2.2833768,,,,0.35597576,,0.00099009441,,,,1.989919,0.0108,,,0.0108,,,0.5547,,0.4389,
BAU,14,2055,TRBPUDSL,,,0.0109,,1.8213464,,,,,2.0619138,,,,0.34573503,,0.00089493007,,,,1.9326729,0.0109,,,0.0109,,,0.4771,,0.4214,
BAU,14,2029,TRBPUELE,,,0.0001,,0.00585247,,,,,0.86673788,,,,,,0.0001,,,,,0.0001,,,0.0001,,,0.7131,,0.0048,
BAU,14,2030,TRBPUELE,,,0.0001,,0.00591372,,,,,,,,,,,,,,,,0.0001,,,0.0001,,,,,0.0046,
BAU,14,2031,TRBPUELE,,,0.0001,,0.00597496,,,,,,,,,,,,,,,,0.0001,,,0.0001,,,,,0.0045,
BAU,14,2032,TRBPUELE,,,0.0001,,0.00603621,,,,,,,,,,,,,,,,0.0001,,,0.0001,,,,,0.0043,
BAU,14,2033,TRBPUELE,,,0.0001,,0.00609745,,,,,,,,,,,,,,,,0.0001,,,0.0001,,,,,0.0041,
BAU,14,2034,TRBPUELE,,,0.0002,,0.01231738,,,,,0.8925868,,,,,,0.0001,,,,,0.0002,,,0.0002,,,0.5754,,0.0079,
BAU,14,2035,TRBPUELE,,,0.0002,,0.01243988,,,,,,,,,,,,,,,,0.0002,,,0.0002,,,,,0.0076,
BAU,14,2036,TRBPUELE,,,0.0002,,0.01256236,,,,,,,,,,,,,,,,0.0002,,,0.0002,,,,,0.0073,
BAU,14,2037,TRBPUELE,,,0.0002,,0.01268486,,,,,,,,,,,,,,,,0.0002,,,0.0002,,,,,0.0071,
BAU,14,2038,TRBPUELE,,,0.0003,,0.01921101,,,,,0.89537952,,,,,,0.0001,,,,,0.0003,,,0.0003,,,0.4748,,0.0102,
BAU,14,2039,TRBPUELE,,,0.0003,,0.01939476,,,,,,,,,,,,,,,,0.0003,,,0.0003,,,,,0.0098,
BAU,14,2040,TRBPUELE,,,0.0003,,0.01957848,,,,,,,,,,,,,,,,0.0003,,,0.0003,,,,,0.0094,
BAU,14,2041,TRBPUELE,,,0.0004,,0.0263496,,,,,1.7950456,,,,,,0.0002,,,,,0.0004,,,0.0004,,,0.8223,,0.0121,
BAU,14,2042,TRBPUELE,,,0.0004,,0.0265946,,,,,,,,,,,,,,,,0.0004,,,0.0004,,,,,0.0116,
BAU,14,2043,TRBPUELE,,,0.0004,,0.02683956,,,,,,,,,,,,,,,,0.0004,,,0.0004,,,,,0.0112,
BAU,14,2044,TRBPUELE,,,0.0004,,0.02708456,,,,,,,,,,,,,,,,0.0004,,,0.0004,,,,,0.0107,
BAU,14,2045,TRBPUELE,,,0.0005,,0.0341619,,,,,0.9003155,,,,0.017338486,,0.0001,,,,0.09692284,0.0005,,,0.0005,,,0.3393,,0.0129,
BAU,14,2046,TRBPUELE,,,0.0005,,0.03446815,,,,,0.90102992,,,,0.033871898,,0.0001,,,,0.18934529,0.0005,,,0.0005,,,0.3234,,0.0124,
BAU,14,2047,TRBPUELE,,,0.0006,,0.04172922,,,,,0.90174433,,,,0.049638237,,0.0001,,,,0.27747976,0.0006,,,0.0006,,,0.3083,,0.0143,
BAU,14,2048,TRBPUELE,,,0.0006,,0.04209666,,,,,,,,,,,,,,,,0.0006,,,0.0006,,,,,0.0137,
BAU,14,2049,TRBPUELE,,,0.0006,,0.04246416,,,,,,,,,,,,,,,,0.0006,,,0.0006,,,,,0.0132,
BAU,14,2050,TRBPUELE,,,0.0006,,0.0428316,,,,,0.90382264,,,,0.092681763,,0.0001,,,,0.51809482,0.0006,,,0.0006,,,0.2669,,0.0126,
BAU,14,2051,TRBPUELE,,,0.0006,,0.0431991,,,,,,,,,,,,,,,,0.0006,,,0.0006,,,,,0.0121,
BAU,14,2052,TRBPUELE,,,0.0006,,0.04356654,,,,,,,,,,,,,,,,0.0006,,,0.0006,,,,,0.0117,
BAU,14,2053,TRBPUELE,,,0.0006,,0.04393404,,,,,1.8119318,,,,0.26006164,,0.0002,,,,1.4537551,0.0006,,,0.0006,,,0.4622,,0.0112,
BAU,14,2054,TRBPUELE,,,0.0006,,0.04430148,,,,,,,,,,,,,,,,0.0006,,,0.0006,,,,,0.0108,
BAU,14,2055,TRBPUELE,,,0.0007,,0.05211374,,,,,0.90596589,,,,0.15190943,,0.0001,,,,0.84917987,0.0007,,,0.0007,,,0.2096,,0.0121,
BAU,14,2021,TRYTKDSL,,,0.0873,,549.89305,,,,,318.94295,,,,,,0.0873,,,,,1.1831,,,1.1831,,,387.6771,,668.3984,
BAU,14,2022,TRYTKDSL,,,0.1952,,594.9312,,,,,394.20326,,,,,,0.1079,,,,,1.28,,,1.28,,,456.3395,,688.7072,
BAU,14,2023,TRYTKDSL,,,0.2657,,622.67916,,,,,257.56562,,,,,,0.0705,,,,,1.3397,,,1.3397,,,283.9661,,686.5038,
BAU,14,2024,TRYTKDSL,,,0.3022,,634.67074,,,,,133.34957,,,,,,0.0365,,,,,1.3655,,,1.3655,,,140.017,,666.4043,
BAU,14,2025,TRYTKDSL,,,0.3499,,646.9412,,,,,174.2678,,,,,,0.0477,,,,,1.3919,,,1.3919,,,174.2678,,646.9412,
BAU,14,2026,TRYTKDSL,,,0.3843,,653.21587,,,,,125.67741,,,,,,0.0344,,,,,1.4054,,,1.4054,,,119.6928,,622.1104,
BAU,14,2027,TRYTKDSL,,,0.4058,,653.11249,,,,,78.474525,,,,,,0.0215,,,,,1.4065,,,1.4065,,,71.1787,,592.3923,
BAU,14,2028,TRYTKDSL,,,0.4406,,659.36381,,,,,126.89969,,,,,,0.0348,,,,,1.4213,,,1.4213,,,109.6207,,569.5833,
BAU,14,2029,TRYTKDSL,,,0.4745,,665.37031,,,,,123.50135,,,,,,0.0339,,,,,1.4356,,,1.4356,,,101.6049,,547.4018,
BAU,14,2030,TRYTKDSL,,,0.5172,,671.17923,,,,,155.41402,,,,,,0.0427,,,,,1.4495,,,1.4495,,,121.771,,525.8865,
BAU,14,2031,TRYTKDSL,,,0.5615,,678.08626,,,,,161.08531,,,,,,0.0443,,,,,1.4658,,,1.4658,,,120.2043,,505.9984,
BAU,14,2032,TRYTKDSL,,,0.6044,,684.74796,,,,,155.84721,,,,,,0.0429,,,,,1.4816,,,1.4816,,,110.7577,,486.6376,
BAU,14,2033,TRYTKDSL,,,0.6458,,691.07264,,,,,150.2558,,,,,,0.0414,,,,,1.4967,,,1.4967,,,101.699,,467.7452,
BAU,14,2034,TRYTKDSL,,,0.6862,,697.24558,,,,,146.48765,,,,,,0.0404,,,,,1.5115,,,1.5115,,,94.4272,,449.4507,
BAU,14,2035,TRYTKDSL,,,0.7293,,703.12922,,,,,156.12961,,,,,,0.0431,,,,,1.5257,,,1.5257,,,95.85,,431.6603,
BAU,14,2036,TRYTKDSL,,,0.7768,,711.53276,,,,,487.84952,,,,,,0.1348,,,,,1.5454,,,1.5454,,,285.2355,,416.0185,
BAU,14,2037,TRYTKDSL,,,0.8228,,719.64309,,,,,556.44493,,,,,,0.1539,,,,,1.5645,,,1.5645,,,309.8494,,400.7242,
BAU,14,2038,TRYTKDSL,,,0.8671,,727.36909,,,,,414.67957,,,,,,0.1148,,,,,1.5828,,,1.5828,,,219.9134,,385.7394,
BAU,14,2039,TRYTKDSL,,,0.91,,734.8953,,,,,286.53525,,,,,,0.0794,,,,,1.6007,,,1.6007,,,144.7198,,371.1721,
BAU,14,2040,TRYTKDSL,,,0.9513,,742.03908,,,,,320.87359,,,,,,0.089,,,,,1.6178,,,1.6178,,,154.3457,,356.9335,
BAU,14,2041,TRYTKDSL,,,1.0446,,764.24383,,,,,459.96084,,,,,,0.1277,,,,,1.6678,,,1.6678,,,210.7134,,350.1089,
BAU,14,2042,TRYTKDSL,,,1.1355,,786.58801,,,,,404.46588,,,,6.6543034,,0.1124,,,,37.197826,1.7182,,,1.7182,,,176.4671,,343.1857,
BAU,14,2043,TRYTKDSL,,,1.2246,,809.25402,,,,,445.42246,,,,14.304632,,0.1239,,,,79.963474,1.7694,,,1.7694,,,185.0822,,336.2618,
BAU,14,2044,TRYTKDSL,,,1.3117,,832.10357,,,,,434.58125,,,,20.436578,,0.121,,,,114.2413,1.8211,,,1.8211,,,171.9786,,329.2916,
BAU,14,2045,TRYTKDSL,,,1.3973,,855.27329,,,,,460.35907,,,,28.183919,,0.1283,,,,157.54925,1.8736,,,1.8736,,,173.5045,,322.3435,
BAU,14,2046,TRYTKDSL,,,1.4855,,880.54057,,,,,474.97413,,,,35.497741,,0.1325,,,,198.43381,1.9308,,,1.9308,,,170.4883,,316.0633,
BAU,14,2047,TRYTKDSL,,,1.579,,906.07678,,,,,488.48594,,,,42.792474,,0.1364,,,,239.21167,1.9887,,,1.9887,,,166.9889,,309.7422,
BAU,14,2048,TRYTKDSL,,,1.6929,,931.88101,,,,,555.63857,,,,55.481085,,0.1553,,,,310.14151,2.0473,,,2.0473,,,180.9,,303.3937,
BAU,14,2049,TRYTKDSL,,,1.8001,,957.95212,,,,,527.58218,,,,58.831788,,0.1476,,,,328.87208,2.1066,,,2.1066,,,163.5863,,297.0302,
BAU,14,2050,TRYTKDSL,,,1.9014,,984.28963,,,,,515.64804,,,,63.225472,,0.1444,,,,353.43295,2.1666,,,2.1666,,,152.2723,,290.6635,
BAU,14,2051,TRYTKDSL,,,1.9864,,1005.673,,,,,784.14413,,,,104.43426,,0.2198,,,,583.79175,2.2158,,,2.2158,,,220.5333,,282.8362,
BAU,14,2052,TRYTKDSL,,,2.0884,,1027.5574,,,,,912.05309,,,,130.64635,,0.2559,,,,730.31837,2.2662,,,2.2662,,,244.2919,,275.2295,
BAU,14,2053,TRYTKDSL,,,2.2067,,1049.9414,,,,,829.99089,,,,126.84187,,0.2331,,,,709.05119,2.3178,,,2.3178,,,211.7254,,267.8334,
BAU,14,2054,TRYTKDSL,,,2.3232,,1072.7326,,,,,696.86122,,,,112.85149,,0.1959,,,,630.8444,2.3704,,,2.3704,,,169.2999,,260.6164,
BAU,14,2055,TRYTKDSL,,,2.4243,,1096.0658,,,,,675.57628,,,,115.26977,,0.1901,,,,644.36266,2.4243,,,2.4243,,,156.3131,,253.6049,
BAU,14,2021,TRYTKFOI,,,0.0169,,,,,,,,,,,,,0.0169,,,,,0.0169,,,0.0144,,,,,,
BAU,14,2022,TRYTKFOI,,,0.0169,,,,,,,,,,,,,,,,,,0.0169,,,0.0156,,,,,,
BAU,14,2023,TRYTKFOI,,,0.0169,,,,,,,,,,,,,,,,,,0.0169,,,0.016303584,,,,,,
BAU,14,2024,TRYTKFOI,,,0.0169,,,,,,,,,,,,,,,,,,0.0169,,,0.01652509,,,,,,
BAU,14,2025,TRYTKFOI,,,0.0169,,,,,,,,,,,,,,,,,,0.0169,,,0.0169,,,,,,
BAU,14,2026,TRYTKFOI,,,0.31840215,,,,,,,,,,,,,0.30150215,,,,,0.31840215,,,0.030513978,,,,,,
BAU,14,2027,TRYTKFOI,,,0.32090215,,,,,,,,,,,,,0.0025,,,,,0.32090215,,,0.058983871,,,,,,
BAU,14,2028,TRYTKFOI,,,0.3236,,,,,,,,,,,,,0.0026978495,,,,,0.3236,,,0.0739,,,,,,
BAU,14,2029,TRYTKFOI,,,0.3236,,,,,,,,,,,,,,,,,,0.3236,,,0.0893,,,,,,
BAU,14,2030,TRYTKFOI,,,0.3236,,,,,,,,,,,,,,,,,,0.3236,,,0.10523118,,,,,,
BAU,14,2031,TRYTKFOI,,,0.3236,,,,,,,,,,,,,,,,,,0.3236,,,0.12200466,,,,,,
BAU,14,2032,TRYTKFOI,,,0.3236,,,,,,,,,,,,,,,,,,0.3236,,,0.1394,,,,,,
BAU,14,2033,TRYTKFOI,,,0.3236,,,,,,,,,,,,,,,,,,0.3236,,,0.15754731,,,,,,
BAU,14,2034,TRYTKFOI,,,0.3236,,,,,,,,,,,,,,,,,,0.3236,,,0.17612545,,,,,,
BAU,14,2035,TRYTKFOI,,,0.3236,,,,,,,,,,,,,,,,,,0.3236,,,0.19540215,,,,,,
BAU,14,2036,TRYTKFOI,,,0.3067,,,,,,,,,,,,,,,,,,0.3067,,,0.21611434,,,,,,
BAU,14,2037,TRYTKFOI,,,0.3067,,,,,,,,,,,,,,,,,,0.3067,,,0.2376,,,,,,
BAU,14,2038,TRYTKFOI,,,0.3067,,,,,,,,,,,,,,,,,,0.3067,,,0.25992401,,,,,,
BAU,14,2039,TRYTKFOI,,,0.3067,,,,,,,,,,,,,,,,,,0.3067,,,0.28281254,,,,,,
BAU,14,2040,TRYTKFOI,,,0.3067,,,,,,,,,,,,,,,,,,0.3067,,,0.3067,,,,,,
BAU,14,2041,TRYTKFOI,,,0.3045,,,,,,,,,,,,,0.29930215,,,,,0.3045,,,0.3045,,,,,,
BAU,14,2042,TRYTKFOI,,,0.302,,,,,,,,,,,,,,,,,,0.302,,,0.302,,,,,,
BAU,14,2043,TRYTKFOI,,,0.29930215,,,,,,,,,,,,,,,,,,0.29930215,,,0.2989,,,,,,
BAU,14,2044,TRYTKFOI,,,0.29930215,,,,,,,,,,,,,,,,,,0.29930215,,,0.29545018,,,,,,
BAU,14,2045,TRYTKFOI,,,0.29930215,,,,,,,,,,,,,,,,,,0.29930215,,,0.2914,,,,,,
BAU,14,2046,TRYTKFOI,,,0.29930215,,,,,,,,,,,,,,,,,,0.29930215,,,0.2877,,,,,,
BAU,14,2047,TRYTKFOI,,,0.29930215,,,,,,,,,,,,,,,,,,0.29930215,,,0.2834,,,,,,
BAU,14,2048,TRYTKFOI,,,0.29930215,,,,,,,,,,,,,,,,,,0.29930215,,,0.2786,,,,,,
BAU,14,2049,TRYTKFOI,,,0.29930215,,,,,,,,,,,,,,,,,,0.29930215,,,0.2733,,,,,,
BAU,14,2050,TRYTKFOI,,,0.29930215,,,,,,,,,,,,,,,,,,0.29930215,,,0.2674,,,,,,
BAU,14,2051,TRYTKFOI,,,0.29930215,,,,,,,,,,,,,,,,,,0.29930215,,,0.27355484,,,,,,
BAU,14,2052,TRYTKFOI,,,0.29930215,,,,,,,,,,,,,,,,,,0.29930215,,,0.2798,,,,,,
BAU,14,2053,TRYTKFOI,,,0.29930215,,,,,,,,,,,,,,,,,,0.29930215,,,0.2861,,,,,,
BAU,14,2054,TRYTKFOI,,,0.29930215,,,,,,,,,,,,,,,,,,0.29930215,,,0.29265556,,,,,,
BAU,14,2055,TRYTKFOI,,,0.29930215,,,,,,,,,,,,,,,,,,0.29930215,,,0.29930215,,,,,,
BAU,14,2021,TRYLFDSL,,,0.0233,,58.923304,,,,,84.020849,,,,,,0.0233,,,,,0.2488,,,0.2488,,,102.1279,,71.6216,
BAU,14,2022,TRYLFDSL,,,0.04593871,,63.740121,,,,,81.636206,,,,,,0.02263871,,,,,0.26913871,,,0.26913871,,,94.5041,,73.7872,
BAU,14,2023,TRYLFDSL,,,0.060604301,,66.692347,,,,,52.884783,,,,,,0.014665591,,,,,0.2816043,,,0.2816043,,,58.3055,,73.5283,
BAU,14,2024,TRYLFDSL,,,0.0684,,68.017576,,,,,28.111641,,,,,,0.0077956989,,,,,0.2872,,,0.2872,,,29.5172,,71.4185,
BAU,14,2025,TRYLFDSL,,,0.0783,,69.320141,,,,,35.699846,,,,,,0.0099,,,,,0.2927,,,0.2927,,,35.6998,,69.3201,
BAU,14,2026,TRYLFDSL,,,0.091327957,,71.387183,,,,,46.979399,,,,,,0.013027957,,,,,0.30142796,,,0.30142796,,,44.7423,,67.9878,
BAU,14,2027,TRYLFDSL,,,0.1073,,74.105406,,,,,57.541751,,,,,,0.015972043,,,,,0.3132,,,0.3132,,,52.1921,,67.2158,
BAU,14,2028,TRYLFDSL,,,0.12106344,,76.319945,,,,,49.538254,,,,,,0.013763441,,,,,0.32286344,,,0.32286344,,,42.793,,65.928,
BAU,14,2029,TRYLFDSL,,,0.13483118,,78.554845,,,,,49.507054,,,,,,0.013767742,,,,,0.33263118,,,0.33263118,,,40.7296,,64.6273,
BAU,14,2030,TRYLFDSL,,,0.15070645,,80.810732,,,,,57.031627,,,,,,0.015875269,,,,,0.34250645,,,0.34250645,,,44.6858,,63.3173,
BAU,14,2031,TRYLFDSL,,,0.16721828,,83.282984,,,,,59.26247,,,,,,0.016511828,,,,,0.35331828,,,0.35331828,,,44.2226,,62.147,
BAU,14,2032,TRYLFDSL,,,0.1837,,85.766878,,,,,59.098528,,,,,,0.01648172,,,,,0.3642,,,0.3642,,,42.0002,,60.9529,
BAU,14,2033,TRYLFDSL,,,0.2002,,88.297281,,,,,59.108128,,,,,,0.0165,,,,,0.3753,,,0.3753,,,40.0067,,59.7631,
BAU,14,2034,TRYLFDSL,,,0.21675376,,90.858921,,,,,59.2446,,,,,,0.016553763,,,,,0.38655376,,,0.38655376,,,38.1896,,58.5685,
BAU,14,2035,TRYLFDSL,,,0.2341,,93.460708,,,,,62.021984,,,,,,0.017346237,,,,,0.398,,,0.398,,,38.0761,,57.3768,
BAU,14,2036,TRYLFDSL,,,0.25301935,,96.449916,,,,,150.81341,,,,,,0.042219355,,,,,0.41111935,,,0.41111935,,,88.1775,,56.3923,
BAU,14,2037,TRYLFDSL,,,0.27191935,,99.499059,,,,,148.24121,,,,,,0.04153871,,,,,0.42451935,,,0.42451935,,,82.5463,,55.4048,
BAU,14,2038,TRYLFDSL,,,0.2909,,102.60795,,,,,119.96088,,,,,,0.033646237,,,,,0.4382,,,0.4382,,,63.6178,,54.4152,
BAU,14,2039,TRYLFDSL,,,0.30993441,,105.74676,,,,,95.567966,,,,,,0.026830108,,,,,0.45203441,,,0.45203441,,,48.2683,,53.4093,
BAU,14,2040,TRYLFDSL,,,0.329,,108.9334,,,,,103.07628,,,,,,0.028965591,,,,,0.4661,,,0.4661,,,49.5815,,52.3988,
BAU,14,2041,TRYLFDSL,,,0.34588387,,110.69375,,,,,106.34211,,,,,,0.029911828,,,,,0.47408387,,,0.47408387,,,48.7165,,50.7101,
BAU,14,2042,TRYLFDSL,,,0.362,,112.41142,,,,,113.97063,,,,1.8750534,,0.032088172,,,,10.481624,0.4819,,,0.4819,,,49.725,,49.0447,
BAU,14,2043,TRYLFDSL,,,0.37742151,,114.08025,,,,,103.56001,,,,3.325804,,0.029184946,,,,18.591379,0.48952151,,,0.48952151,,,43.0313,,47.4027,
BAU,14,2044,TRYLFDSL,,,0.39227097,,115.72896,,,,,101.4484,,,,4.770703,,0.028617204,,,,26.668423,0.49707097,,,0.49707097,,,40.1466,,45.7979,
BAU,14,2045,TRYLFDSL,,,0.4064,,117.32299,,,,,106.26394,,,,6.5056486,,0.030004301,,,,36.36684,0.5044,,,0.5044,,,40.0498,,44.2178,
BAU,14,2046,TRYLFDSL,,,0.4213,,119.18586,,,,,111.14237,,,,8.3063537,,0.031411828,,,,46.432854,0.5129,,,0.5129,,,39.8937,,42.7809,
BAU,14,2047,TRYLFDSL,,,0.43680538,,120.97654,,,,,113.06935,,,,9.905131,,0.031987097,,,,55.370084,0.52110538,,,0.52110538,,,38.6527,,41.3558,
BAU,14,2048,TRYLFDSL,,,0.45635161,,122.74986,,,,,127.29555,,,,12.710592,,0.036046237,,,,71.052726,0.52925161,,,0.52925161,,,41.4438,,39.9638,
BAU,14,2049,TRYLFDSL,,,0.474,,124.45058,,,,,120.66728,,,,13.45586,,0.034202151,,,,75.218805,0.5371,,,0.5371,,,37.4151,,38.5881,
BAU,14,2050,TRYLFDSL,,,0.49020538,,126.11465,,,,,118.25839,,,,14.500089,,0.033551613,,,,81.056086,0.54480538,,,0.54480538,,,34.922,,37.242,
BAU,14,2051,TRYLFDSL,,,0.51,,128.85974,,,,,218.36859,,,,29.082871,,0.062013978,,,,162.57443,0.5572,,,0.5572,,,61.4141,,36.2406,
BAU,14,2052,TRYLFDSL,,,0.53335699,,131.68303,,,,,228.2959,,,,32.702072,,0.064895699,,,,182.80591,0.56995699,,,0.56995699,,,61.1487,,35.2711,
BAU,14,2053,TRYLFDSL,,,0.5599086,,134.52248,,,,,211.56528,,,,32.332084,,0.060197849,,,,180.73766,0.5828086,,,0.5828086,,,53.969,,34.3158,
BAU,14,2054,TRYLFDSL,,,0.5865,,137.48074,,,,,187.5687,,,,30.375355,,0.053421505,,,,169.79947,0.5962,,,0.5962,,,45.5691,,33.4004,
BAU,14,2055,TRYLFDSL,,,0.6097,,140.45799,,,,,182.98217,,,,31.221215,,0.052165591,,,,174.52786,0.6097,,,0.6097,,,42.3379,,32.4988,
BAU,14,2021,TRYLFGSL,,,0.0143,,46.110801,,,,,56.006779,,,,,,0.0143,,,,,0.1947,,,0.1947,,,68.0766,,56.048,
BAU,14,2022,TRYLFGSL,,,0.0321,,49.900081,,,,,69.714732,,,,,,0.0178,,,,,0.2107,,,0.2107,,,80.7035,,57.7656,
BAU,14,2023,TRYLFGSL,,,0.0438,,52.244698,,,,,45.823729,,,,,,0.0117,,,,,0.2206,,,0.2206,,,50.5207,,57.5998,
BAU,14,2024,TRYLFGSL,,,0.0497,,53.215701,,,,,23.107692,,,,,,0.0059,,,,,0.2247,,,0.2247,,,24.2631,,55.8765,
BAU,14,2025,TRYLFGSL,,,0.0576,,54.257753,,,,,30.940808,,,,,,0.0079,,,,,0.2291,,,0.2291,,,30.9408,,54.2578,
BAU,14,2026,TRYLFGSL,,,0.0623,,54.565632,,,,,18.407823,,,,,,0.0047,,,,,0.2304,,,0.2304,,,17.5313,,51.9673,
BAU,14,2027,TRYLFGSL,,,0.0649,,54.325036,,,,,10.173476,,,,,,0.0026,,,,,0.2296,,,0.2296,,,9.2276,,49.2744,
BAU,14,2028,TRYLFGSL,,,0.0695,,54.581204,,,,,17.982287,,,,,,0.0046,,,,,0.2309,,,0.2309,,,15.5338,,47.1493,
BAU,14,2029,TRYLFGSL,,,0.0739,,54.8132,,,,,17.184245,,,,,,0.0044,,,,,0.2321,,,0.2321,,,14.1375,,45.095,
BAU,14,2030,TRYLFGSL,,,0.0798,,55.044639,,,,,23.020784,,,,,,0.0059,,,,,0.2333,,,0.2333,,,18.0374,,43.1289,
BAU,14,2031,TRYLFGSL,,,0.0859,,55.346258,,,,,23.778686,,,,,,0.0061,,,,,0.2348,,,0.2348,,,17.744,,41.3002,
BAU,14,2032,TRYLFGSL,,,0.0918,,55.623659,,,,,22.97733,,,,,,0.0059,,,,,0.2362,,,0.2362,,,16.3296,,39.5307,
BAU,14,2033,TRYLFGSL,,,0.0973,,55.853383,,,,,21.399291,,,,,,0.0055,,,,,0.2374,,,0.2374,,,14.4839,,37.8038,
BAU,14,2034,TRYLFGSL,,,0.1026,,56.059091,,,,,20.601617,,,,,,0.0053,,,,,0.2385,,,0.2385,,,13.28,,36.1362,
BAU,14,2035,TRYLFGSL,,,0.1084,,56.240803,,,,,22.523807,,,,,,0.0058,,,,,0.2395,,,0.2395,,,13.8277,,34.527,
BAU,14,2036,TRYLFGSL,,,0.1148,,56.609752,,,,,80.310463,,,,,,0.0207,,,,,0.2413,,,0.2413,,,46.9559,,33.0985,
BAU,14,2037,TRYLFGSL,,,0.1208,,56.931023,,,,,92.249988,,,,,,0.0238,,,,,0.2429,,,0.2429,,,51.3682,,31.7013,
BAU,14,2038,TRYLFGSL,,,0.1265,,57.204751,,,,,67.379191,,,,,,0.0174,,,,,0.2443,,,0.2443,,,35.7326,,30.3369,
BAU,14,2039,TRYLFGSL,,,0.1319,,57.454485,,,,,43.716138,,,,,,0.0113,,,,,0.2456,,,0.2456,,,22.0796,,29.0184,
BAU,14,2040,TRYLFGSL,,,0.137,,57.656874,,,,,50.245029,,,,,,0.013,,,,,0.2467,,,0.2467,,,24.1687,,27.7339,
BAU,14,2041,TRYLFGSL,,,0.1538,,59.866785,,,,,83.018374,,,,,,0.0215,,,,,0.2564,,,0.2564,,,38.0317,,27.4257,
BAU,14,2042,TRYLFGSL,,,0.1705,,62.142355,,,,,74.452396,,,,1.2248965,,0.0193,,,,6.847221,0.2664,,,0.2664,,,32.4833,,27.1125,
BAU,14,2043,TRYLFGSL,,,0.1868,,64.436777,,,,,80.547651,,,,2.5867679,,0.0209,,,,14.460138,0.2765,,,0.2765,,,33.4692,,26.7748,
BAU,14,2044,TRYLFGSL,,,0.203,,66.773292,,,,,79.315603,,,,3.7298882,,0.0206,,,,20.850227,0.2868,,,0.2868,,,31.3879,,26.4245,
BAU,14,2045,TRYLFGSL,,,0.2191,,69.198232,,,,,84.624969,,,,5.180876,,0.022,,,,28.961307,0.2975,,,0.2975,,,31.8943,,26.0801,
BAU,14,2046,TRYLFGSL,,,0.2355,,71.757832,,,,,86.465405,,,,6.4620922,,0.0225,,,,36.123357,0.3088,,,0.3088,,,31.0361,,25.7569,
BAU,14,2047,TRYLFGSL,,,0.253,,74.382045,,,,,89.837851,,,,7.8699992,,0.0234,,,,43.993614,0.3204,,,0.3204,,,30.7111,,25.4275,
BAU,14,2048,TRYLFGSL,,,0.2739,,77.047478,,,,,101.2583,,,,10.110746,,0.0264,,,,56.519481,0.3322,,,0.3322,,,32.9668,,25.0844,
BAU,14,2049,TRYLFGSL,,,0.2938,,79.777202,,,,,96.562854,,,,10.767925,,0.0252,,,,60.193138,0.3443,,,0.3443,,,29.941,,24.7364,
BAU,14,2050,TRYLFGSL,,,0.3131,,82.570949,,,,,96.087235,,,,11.781604,,0.0251,,,,65.859642,0.3567,,,0.3567,,,28.3748,,24.3834,
BAU,14,2051,TRYLFGSL,,,0.327,,84.364742,,,,,132.3275,,,,17.623704,,0.0346,,,,98.517222,0.3648,,,0.3648,,,37.2159,,23.7268,
BAU,14,2052,TRYLFGSL,,,0.3437,,86.178032,,,,,154.74287,,,,22.166024,,0.0405,,,,123.90897,0.373,,,0.373,,,41.4476,,23.0826,
BAU,14,2053,TRYLFGSL,,,0.3633,,88.079996,,,,,141.23377,,,,21.583798,,0.037,,,,120.6543,0.3816,,,0.3816,,,36.0278,,22.4686,
BAU,14,2054,TRYLFGSL,,,0.3823,,89.95511,,,,,115.54743,,,,18.712046,,0.0303,,,,104.6011,0.3901,,,0.3901,,,28.0718,,21.8543,
BAU,14,2055,TRYLFGSL,,,0.3991,,91.941585,,,,,113.53096,,,,19.371147,,0.0298,,,,108.2855,0.3991,,,0.3991,,,26.2685,,21.2732,
BAU,14,2021,TRMARFOI,,,1.0819,,,,,,,,,,,,,1.0819,,,,,1.0819,,,1.0819,,,,,,
BAU,14,2022,TRMARFOI,,,1.1705,,,,,,,,,,,,,0.0886,,,,,1.1705,,,1.1705,,,,,,
BAU,14,2023,TRMARFOI,,,1.2374,,,,,,,,,,,,,0.0669,,,,,1.2374,,,1.2251,,,,,,
BAU,14,2024,TRMARFOI,,,1.2486,,,,,,,,,,,,,0.0112,,,,,1.2486,,,1.2486,,,,,,
BAU,14,2025,TRMARFOI,,,1.2855,,,,,,,,,,,,,0.0369,,,,,1.2855,,,1.2728,,,,,,
BAU,14,2026,TRMARFOI,,,1.2973,,,,,,,,,,,,,0.0118,,,,,1.2973,,,1.2973,,,,,,
BAU,14,2027,TRMARFOI,,,1.3218,,,,,,,,,,,,,0.0245,,,,,1.3218,,,1.3218,,,,,,
BAU,14,2028,TRMARFOI,,,1.3463,,,,,,,,,,,,,0.0245,,,,,1.3463,,,1.3463,,,,,,
BAU,14,2029,TRMARFOI,,,1.3708,,,,,,,,,,,,,0.0245,,,,,1.3708,,,1.3708,,,,,,
BAU,14,2030,TRMARFOI,,,1.3953,,,,,,,,,,,,,0.0245,,,,,1.3953,,,1.3953,,,,,,
BAU,14,2031,TRMARFOI,,,1.45,,,,,,,,,,,,,0.0547,,,,,1.45,,,1.4226,,,,,,
BAU,14,2032,TRMARFOI,,,1.45,,,,,,,,,,,,,,,,,,1.45,,,1.45,,,,,,
BAU,14,2033,TRMARFOI,,,1.4773,,,,,,,,,,,,,0.0273,,,,,1.4773,,,1.4773,,,,,,
BAU,14,2034,TRMARFOI,,,1.5046,,,,,,,,,,,,,0.0273,,,,,1.5046,,,1.5046,,,,,,
BAU,14,2035,TRMARFOI,,,1.5319,,,,,,,,,,,,,0.0273,,,,,1.5319,,,1.5319,,,,,,
BAU,14,2036,TRMARFOI,,,1.5653,,,,,,,,,,,,,0.0334,,,,,1.5653,,,1.5653,,,,,,
BAU,14,2037,TRMARFOI,,,2.714,,,,,,,,,,,,,1.1487,,,,,2.714,,,1.5987,,,,,,
BAU,14,2038,TRMARFOI,,,1.6321,,,,,,,,,,,,,,,,,,1.6321,,,1.6321,,,,,,
BAU,14,2039,TRMARFOI,,,1.6655,,,,,,,,,,,,,0.122,,,,,1.6655,,,1.6655,,,,,,
BAU,14,2040,TRMARFOI,,,1.6989,,,,,,,,,,,,,0.1003,,,,,1.6989,,,1.6989,,,,,,
BAU,14,2041,TRMARFOI,,,1.7383,,,,,,,,,,,,,0.0506,,,,,1.7383,,,1.7383,,,,,,
BAU,14,2042,TRMARFOI,,,1.8288,,,,,,,,,,,,,0.1274,,,,,1.8288,,,1.7777,,,,,,
BAU,14,2043,TRMARFOI,,,1.817,,,,,,,,,,,,,,,,,,1.817,,,1.817,,,,,,
BAU,14,2044,TRMARFOI,,,1.9203,,,,,,,,,,,,,0.1278,,,,,1.9203,,,1.8564,,,,,,
BAU,14,2045,TRMARFOI,,,1.8958,,,,,,,,,,,,,,,,,,1.8958,,,1.8958,,,,,,
BAU,14,2046,TRMARFOI,,,1.9395,,,,,,,,,,,,,0.0682,,,,,1.9395,,,1.9395,,,,,,
BAU,14,2047,TRMARFOI,,,1.9832,,,,,,,,,,,,,0.0682,,,,,1.9832,,,1.9832,,,,,,
BAU,14,2048,TRMARFOI,,,2.0269,,,,,,,,,,,,,0.0984,,,,,2.0269,,,2.0269,,,,,,
BAU,14,2049,TRMARFOI,,,2.1416,,,,,,,,,,,,,0.1147,,,,,2.1416,,,2.0706,,,,,,
BAU,14,2050,TRMARFOI,,,2.1143,,,,,,,,,,,,,,,,,,2.1143,,,2.1143,,,,,,
BAU,14,2051,TRMARFOI,,,2.1589,,,,,,,,,,,,,0.0719,,,,,2.1589,,,2.1589,,,,,,
BAU,14,2052,TRMARFOI,,,2.2045,,,,,,,,,,,,,0.0729,,,,,2.2045,,,2.2045,,,,,,
BAU,14,2053,TRMARFOI,,,2.251,,,,,,,,,,,,,0.0799,,,,,2.251,,,2.251,,,,,,
BAU,14,2054,TRMARFOI,,,2.2985,,,,,,,,,,,,,1.1962,,,,,2.2985,,,2.2985,,,,,,
BAU,14,2055,TRMARFOI,,,9999.0,,,,,,,,,,,,,9996.7015,,,,,9999.0,,,2.347,,,,,,
BAU,14,2021,TRMAMFREFOI,,,1.0819,,,,,,,,,,,,,1.0819,,,,,1.0819,,,1.0819,,,,,,
BAU,14,2022,TRMAMFREFOI,,,1.1705,,,,,,,,,,,,,0.0886,,,,,1.1705,,,1.1705,,,,,,
BAU,14,2023,TRMAMFREFOI,,,1.2251,,,,,,,,,,,,,0.0546,,,,,1.2251,,,1.2251,,,,,,
BAU,14,2024,TRMAMFREFOI,,,1.2611,,,,,,,,,,,,,0.036,,,,,1.2611,,,1.2486,,,,,,
BAU,14,2025,TRMAMFREFOI,,,1.2728,,,,,,,,,,,,,0.0117,,,,,1.2728,,,1.2728,,,,,,
BAU,14,2026,TRMAMFREFOI,,,1.2973,,,,,,,,,,,,,0.0245,,,,,1.2973,,,1.2973,,,,,,
BAU,14,2027,TRMAMFREFOI,,,1.3708,,,,,,,,,,,,,0.0735,,,,,1.3708,,,1.3218,,,,,,
BAU,14,2028,TRMAMFREFOI,,,1.3708,,,,,,,,,,,,,,,,,,1.3708,,,1.3463,,,,,,
BAU,14,2029,TRMAMFREFOI,,,1.3708,,,,,,,,,,,,,,,,,,1.3708,,,1.3708,,,,,,
BAU,14,2030,TRMAMFREFOI,,,1.3953,,,,,,,,,,,,,0.0245,,,,,1.3953,,,1.3953,,,,,,
BAU,14,2031,TRMAMFREFOI,,,1.4226,,,,,,,,,,,,,0.0273,,,,,1.4226,,,1.4226,,,,,,
BAU,14,2032,TRMAMFREFOI,,,1.5046,,,,,,,,,,,,,0.082,,,,,1.5046,,,1.45,,,,,,
BAU,14,2033,TRMAMFREFOI,,,1.5046,,,,,,,,,,,,,,,,,,1.5046,,,1.4773,,,,,,
BAU,14,2034,TRMAMFREFOI,,,1.5046,,,,,,,,,,,,,,,,,,1.5046,,,1.5046,,,,,,
BAU,14,2035,TRMAMFREFOI,,,1.5319,,,,,,,,,,,,,0.0273,,,,,1.5319,,,1.5319,,,,,,
BAU,14,2036,TRMAMFREFOI,,,1.5653,,,,,,,,,,,,,0.0334,,,,,1.5653,,,1.5653,,,,,,
BAU,14,2037,TRMAMFREFOI,,,2.714,,,,,,,,,,,,,1.1487,,,,,2.714,,,1.5987,,,,,,
BAU,14,2038,TRMAMFREFOI,,,1.6321,,,,,,,,,,,,,,,,,,1.6321,,,1.6321,,,,,,
BAU,14,2039,TRMAMFREFOI,,,1.8289,,,,,,,,,,,,,0.2854,,,,,1.8289,,,1.6655,,,,,,
BAU,14,2040,TRMAMFREFOI,,,1.7743,,,,,,,,,,,,,,,,,,1.7743,,,1.6989,,,,,,
BAU,14,2041,TRMAMFREFOI,,,1.7383,,,,,,,,,,,,,,,,,,1.7383,,,1.7383,,,,,,
BAU,14,2042,TRMAMFREFOI,,,1.7777,,,,,,,,,,,,,0.0511,,,,,1.7777,,,1.7777,,,,,,
BAU,14,2043,TRMAMFREFOI,,,2.013,,,,,,,,,,,,,0.2598,,,,,2.013,,,1.817,,,,,,
BAU,14,2044,TRMAMFREFOI,,,1.9395,,,,,,,,,,,,,,,,,,1.9395,,,1.8564,,,,,,
BAU,14,2045,TRMAMFREFOI,,,1.9395,,,,,,,,,,,,,,,,,,1.9395,,,1.8958,,,,,,
BAU,14,2046,TRMAMFREFOI,,,1.9395,,,,,,,,,,,,,,,,,,1.9395,,,1.9395,,,,,,
BAU,14,2047,TRMAMFREFOI,,,1.9832,,,,,,,,,,,,,0.0682,,,,,1.9832,,,1.9832,,,,,,
BAU,14,2048,TRMAMFREFOI,,,2.2409,,,,,,,,,,,,,0.285,,,,,2.2409,,,2.0269,,,,,,
BAU,14,2049,TRMAMFREFOI,,,2.1589,,,,,,,,,,,,,,,,,,2.1589,,,2.0706,,,,,,
BAU,14,2050,TRMAMFREFOI,,,2.1589,,,,,,,,,,,,,,,,,,2.1589,,,2.1143,,,,,,
BAU,14,2051,TRMAMFREFOI,,,2.1589,,,,,,,,,,,,,,,,,,2.1589,,,2.1589,,,,,,
BAU,14,2052,TRMAMFREFOI,,,2.2045,,,,,,,,,,,,,0.0729,,,,,2.2045,,,2.2045,,,,,,
BAU,14,2053,TRMAMFREFOI,,,2.251,,,,,,,,,,,,,0.0799,,,,,2.251,,,2.251,,,,,,
BAU,14,2054,TRMAMFREFOI,,,2.2985,,,,,,,,,,,,,1.1962,,,,,2.2985,,,2.2985,,,,,,
BAU,14,2055,TRMAMFREFOI,,,9999.0,,,,,,,,,,,,,9996.7015,,,,,9999.0,,,2.347,,,,,,
BAU,14,2021,TRAVKER,,,1.0819,,,,,,,,,,,,,1.0819,,,,,1.0819,,,1.0819,,,,,,
BAU,14,2022,TRAVKER,,,1.1822,,,,,,,,,,,,,0.1003,,,,,1.1822,,,1.1705,,,,,,
BAU,14,2023,TRAVKER,,,1.2374,,,,,,,,,,,,,0.0552,,,,,1.2374,,,1.2251,,,,,,
BAU,14,2024,TRAVKER,,,1.2486,,,,,,,,,,,,,0.0112,,,,,1.2486,,,1.2486,,,,,,
BAU,14,2025,TRAVKER,,,1.2855,,,,,,,,,,,,,0.0369,,,,,1.2855,,,1.2728,,,,,,
BAU,14,2026,TRAVKER,,,1.2973,,,,,,,,,,,,,0.0118,,,,,1.2973,,,1.2973,,,,,,
BAU,14,2027,TRAVKER,,,1.3218,,,,,,,,,,,,,0.0245,,,,,1.3218,,,1.3218,,,,,,
BAU,14,2028,TRAVKER,,,1.3463,,,,,,,,,,,,,0.0245,,,,,1.3463,,,1.3463,,,,,,
BAU,14,2029,TRAVKER,,,1.3708,,,,,,,,,,,,,0.0245,,,,,1.3708,,,1.3708,,,,,,
BAU,14,2030,TRAVKER,,,1.4226,,,,,,,,,,,,,0.0518,,,,,1.4226,,,1.3953,,,,,,
BAU,14,2031,TRAVKER,,,1.4226,,,,,,,,,,,,,,,,,,1.4226,,,1.4226,,,,,,
BAU,14,2032,TRAVKER,,,1.5319,,,,,,,,,,,,,0.1093,,,,,1.5319,,,1.45,,,,,,
BAU,14,2033,TRAVKER,,,1.5319,,,,,,,,,,,,,,,,,,1.5319,,,1.4773,,,,,,
BAU,14,2034,TRAVKER,,,1.5319,,,,,,,,,,,,,,,,,,1.5319,,,1.5046,,,,,,
BAU,14,2035,TRAVKER,,,1.5319,,,,,,,,,,,,,,,,,,1.5319,,,1.5319,,,,,,
BAU,14,2036,TRAVKER,,,1.5653,,,,,,,,,,,,,0.0334,,,,,1.5653,,,1.5653,,,,,,
BAU,14,2037,TRAVKER,,,2.9363,,,,,,,,,,,,,1.371,,,,,2.9363,,,1.5987,,,,,,
BAU,14,2038,TRAVKER,,,1.8544,,,,,,,,,,,,,,,,,,1.8544,,,1.6321,,,,,,
BAU,14,2039,TRAVKER,,,1.7541,,,,,,,,,,,,,,,,,,1.7541,,,1.6655,,,,,,
BAU,14,2040,TRAVKER,,,1.6989,,,,,,,,,,,,,,,,,,1.6989,,,1.6989,,,,,,
BAU,14,2041,TRAVKER,,,2.0617,,,,,,,,,,,,,0.374,,,,,2.0617,,,1.7383,,,,,,
BAU,14,2042,TRAVKER,,,2.0248,,,,,,,,,,,,,,,,,,2.0248,,,1.7777,,,,,,
BAU,14,2043,TRAVKER,,,2.013,,,,,,,,,,,,,,,,,,2.013,,,1.817,,,,,,
BAU,14,2044,TRAVKER,,,1.9885,,,,,,,,,,,,,,,,,,1.9885,,,1.8564,,,,,,
BAU,14,2045,TRAVKER,,,1.964,,,,,,,,,,,,,,,,,,1.964,,,1.8958,,,,,,
BAU,14,2046,TRAVKER,,,1.9395,,,,,,,,,,,,,,,,,,1.9395,,,1.9395,,,,,,
BAU,14,2047,TRAVKER,,,1.9832,,,,,,,,,,,,,0.0955,,,,,1.9832,,,1.9832,,,,,,
BAU,14,2048,TRAVKER,,,2.0269,,,,,,,,,,,,,0.0437,,,,,2.0269,,,2.0269,,,,,,
BAU,14,2049,TRAVKER,,,2.1589,,,,,,,,,,,,,0.2413,,,,,2.1589,,,2.0706,,,,,,
BAU,14,2050,TRAVKER,,,2.1589,,,,,,,,,,,,,,,,,,2.1589,,,2.1143,,,,,,
BAU,14,2051,TRAVKER,,,2.1589,,,,,,,,,,,,,,,,,,2.1589,,,2.1589,,,,,,
BAU,14,2052,TRAVKER,,,2.2045,,,,,,,,,,,,,0.0456,,,,,2.2045,,,2.2045,,,,,,
BAU,14,2053,TRAVKER,,,2.251,,,,,,,,,,,,,0.0799,,,,,2.251,,,2.251,,,,,,
BAU,14,2054,TRAVKER,,,2.2985,,,,,,,,,,,,,1.4185,,,,,2.2985,,,2.2985,,,,,,
BAU,14,2055,TRAVKER,,,2.347,,,,,,,,,,,,,0.0485,,,,,2.347,,,2.347,,,,,,
BAU,14,2021,Techs_Auto,,,5.0706,,,,,,,,,,,,,5.0706,,,,,5.0706,,,5.0204,,,,,,
BAU,14,2022,Techs_Auto,,,5.4858,,,,,,,,,,,,,5.4858,,,,,5.4858,,,5.4315,,,,,,
BAU,14,2023,Techs_Auto,,,5.7417,,,,,,,,,,,,,5.7417,,,,,5.7417,,,5.6849,,,,,,
BAU,14,2024,Techs_Auto,,,5.8519,,,,,,,,,,,,,5.8519,,,,,5.8519,,,5.794,,,,,,
BAU,14,2025,Techs_Auto,,,5.9653,,,,,,,,,,,,,5.9653,,,,,5.9653,,,5.9062,,,,,,
BAU,14,2026,Techs_Auto,,,6.0801,,,,,,,,,,,,,6.0801,,,,,6.0801,,,6.0199,,,,,,
BAU,14,2027,Techs_Auto,,,6.1771,,,,,,,,,,,,,6.1771,,,,,6.1771,,,6.116,,,,,,
BAU,14,2028,Techs_Auto,,,6.2738,,,,,,,,,,,,,6.2738,,,,,6.2738,,,6.2116,,,,,,
BAU,14,2029,Techs_Auto,,,6.3695,,,,,,,,,,,,,6.3695,,,,,6.3695,,,6.3065,,,,,,
BAU,14,2030,Techs_Auto,,,6.4646,,,,,,,,,,,,,6.4646,,,,,6.4646,,,6.4006,,,,,,
BAU,14,2031,Techs_Auto,,,6.5721,,,,,,,,,,,,,6.5721,,,,,6.5721,,,6.5071,,,,,,
BAU,14,2032,Techs_Auto,,,6.6789,,,,,,,,,,,,,6.6789,,,,,6.6789,,,6.6127,,,,,,
BAU,14,2033,Techs_Auto,,,6.7849,,,,,,,,,,,,,6.7849,,,,,6.7849,,,6.7176,,,,,,
BAU,14,2034,Techs_Auto,,,6.8902,,,,,,,,,,,,,6.8902,,,,,6.8902,,,6.822,,,,,,
BAU,14,2035,Techs_Auto,,,6.9947,,,,,,,,,,,,,6.9947,,,,,6.9947,,,6.9255,,,,,,
BAU,14,2036,Techs_Auto,,,7.1261,,,,,,,,,,,,,7.1261,,,,,7.1261,,,7.0556,,,,,,
BAU,14,2037,Techs_Auto,,,7.2569,,,,,,,,,,,,,7.2569,,,,,7.2569,,,7.185,,,,,,
BAU,14,2038,Techs_Auto,,,7.3865,,,,,,,,,,,,,7.3865,,,,,7.3865,,,7.3134,,,,,,
BAU,14,2039,Techs_Auto,,,7.5153,,,,,,,,,,,,,7.5153,,,,,7.5153,,,7.4409,,,,,,
BAU,14,2040,Techs_Auto,,,7.6432,,,,,,,,,,,,,7.6432,,,,,7.6432,,,7.5676,,,,,,
BAU,14,2041,Techs_Auto,,,7.797,,,,,,,,,,,,,7.797,,,,,7.797,,,7.7198,,,,,,
BAU,14,2042,Techs_Auto,,,7.9498,,,,,,,,,,,,,7.9498,,,,,7.9498,,,7.8711,,,,,,
BAU,14,2043,Techs_Auto,,,8.1015,,,,,,,,,,,,,8.1015,,,,,8.1015,,,8.0213,,,,,,
BAU,14,2044,Techs_Auto,,,8.2521,,,,,,,,,,,,,8.2521,,,,,8.2521,,,8.1704,,,,,,
BAU,14,2045,Techs_Auto,,,8.4017,,,,,,,,,,,,,8.4017,,,,,8.4017,,,8.3185,,,,,,
BAU,14,2046,Techs_Auto,,,8.5693,,,,,,,,,,,,,8.5693,,,,,8.5693,,,8.4845,,,,,,
BAU,14,2047,Techs_Auto,,,8.7357,,,,,,,,,,,,,8.7357,,,,,8.7357,,,8.6492,,,,,,
BAU,14,2048,Techs_Auto,,,8.9011,,,,,,,,,,,,,8.9011,,,,,8.9011,,,8.8129,,,,,,
BAU,14,2049,Techs_Auto,,,9.0652,,,,,,,,,,,,,9.0652,,,,,9.0652,,,8.9754,,,,,,
BAU,14,2050,Techs_Auto,,,9.2281,,,,,,,,,,,,,9.2281,,,,,9.2281,,,9.1368,,,,,,
BAU,14,2051,Techs_Auto,,,9.394,,,,,,,,,,,,,9.394,,,,,9.394,,,9.3009,,,,,,
BAU,14,2052,Techs_Auto,,,9.5626,,,,,,,,,,,,,9.5626,,,,,9.5626,,,9.4679,,,,,,
BAU,14,2053,Techs_Auto,,,9.7342,,,,,,,,,,,,,9.7342,,,,,9.7342,,,9.6378,,,,,,
BAU,14,2054,Techs_Auto,,,9.9087,,,,,,,,,,,,,9.9087,,,,,9.9087,,,9.8106,,,,,,
BAU,14,2055,Techs_Auto,,,10.0864,,,,,,,,,,,,,10.0864,,,,,10.0864,,,9.9865,,,,,,
BAU,14,2021,Techs_Motos,,,0.3701,,,,,,,,,,,,,0.3701,,,,,0.3701,,,0.3664,,,,,,
BAU,14,2022,Techs_Motos,,,0.4004,,,,,,,,,,,,,0.4004,,,,,0.4004,,,0.3964,,,,,,
BAU,14,2023,Techs_Motos,,,0.419,,,,,,,,,,,,,0.419,,,,,0.419,,,0.4149,,,,,,
BAU,14,2024,Techs_Motos,,,0.427,,,,,,,,,,,,,0.427,,,,,0.427,,,0.42283636,,,,,,
BAU,14,2025,Techs_Motos,,,0.4353,,,,,,,,,,,,,0.4353,,,,,0.4353,,,0.43107273,,,,,,
BAU,14,2026,Techs_Motos,,,0.4437,,,,,,,,,,,,,0.4437,,,,,0.4437,,,0.43933636,,,,,,
BAU,14,2027,Techs_Motos,,,0.4508,,,,,,,,,,,,,0.4508,,,,,0.4508,,,0.4464,,,,,,
BAU,14,2028,Techs_Motos,,,0.4579,,,,,,,,,,,,,0.4579,,,,,0.4579,,,0.4533,,,,,,
BAU,14,2029,Techs_Motos,,,0.4648,,,,,,,,,,,,,0.4648,,,,,0.4648,,,0.4602,,,,,,
BAU,14,2030,Techs_Motos,,,0.4717,,,,,,,,,,,,,0.4717,,,,,0.4717,,,0.4671,,,,,,
BAU,14,2031,Techs_Motos,,,0.4796,,,,,,,,,,,,,0.4796,,,,,0.4796,,,0.4749,,,,,,
BAU,14,2032,Techs_Motos,,,0.4874,,,,,,,,,,,,,0.4874,,,,,0.4874,,,0.4826,,,,,,
BAU,14,2033,Techs_Motos,,,0.4952,,,,,,,,,,,,,0.4952,,,,,0.4952,,,0.4903,,,,,,
BAU,14,2034,Techs_Motos,,,0.5028,,,,,,,,,,,,,0.5028,,,,,0.5028,,,0.4978,,,,,,
BAU,14,2035,Techs_Motos,,,0.5105,,,,,,,,,,,,,0.5105,,,,,0.5105,,,0.5054,,,,,,
BAU,14,2036,Techs_Motos,,,0.5201,,,,,,,,,,,,,0.5201,,,,,0.5201,,,0.5149,,,,,,
BAU,14,2037,Techs_Motos,,,0.5296,,,,,,,,,,,,,0.5296,,,,,0.5296,,,0.52438182,,,,,,
BAU,14,2038,Techs_Motos,,,0.539,,,,,,,,,,,,,0.539,,,,,0.539,,,0.5337,,,,,,
BAU,14,2039,Techs_Motos,,,0.5484,,,,,,,,,,,,,0.5484,,,,,0.5484,,,0.54300909,,,,,,
BAU,14,2040,Techs_Motos,,,0.5578,,,,,,,,,,,,,0.5578,,,,,0.5578,,,0.5522,,,,,,
BAU,14,2041,Techs_Motos,,,0.5691,,,,,,,,,,,,,0.5691,,,,,0.5691,,,0.5634,,,,,,
BAU,14,2042,Techs_Motos,,,0.5801,,,,,,,,,,,,,0.5801,,,,,0.5801,,,0.57451818,,,,,,
BAU,14,2043,Techs_Motos,,,0.5912,,,,,,,,,,,,,0.5912,,,,,0.5912,,,0.58540909,,,,,,
BAU,14,2044,Techs_Motos,,,0.6023,,,,,,,,,,,,,0.6023,,,,,0.6023,,,0.59636364,,,,,,
BAU,14,2045,Techs_Motos,,,0.6131,,,,,,,,,,,,,0.6131,,,,,0.6131,,,0.6071,,,,,,
BAU,14,2046,Techs_Motos,,,0.6254,,,,,,,,,,,,,0.6254,,,,,0.6254,,,0.6192,,,,,,
BAU,14,2047,Techs_Motos,,,0.6375,,,,,,,,,,,,,0.6375,,,,,0.6375,,,0.6312,,,,,,
BAU,14,2048,Techs_Motos,,,0.6496,,,,,,,,,,,,,0.6496,,,,,0.6496,,,0.6431,,,,,,
BAU,14,2049,Techs_Motos,,,0.6615,,,,,,,,,,,,,0.6615,,,,,0.6615,,,0.655,,,,,,
BAU,14,2050,Techs_Motos,,,0.6735,,,,,,,,,,,,,0.6735,,,,,0.6735,,,0.6668,,,,,,
BAU,14,2051,Techs_Motos,,,0.6855,,,,,,,,,,,,,0.6855,,,,,0.6855,,,0.6787,,,,,,
BAU,14,2052,Techs_Motos,,,0.6978,,,,,,,,,,,,,0.6978,,,,,0.6978,,,0.6909,,,,,,
BAU,14,2053,Techs_Motos,,,0.7104,,,,,,,,,,,,,0.7104,,,,,0.7104,,,0.7033,,,,,,
BAU,14,2054,Techs_Motos,,,0.7231,,,,,,,,,,,,,0.7231,,,,,0.7231,,,0.716,,,,,,
BAU,14,2055,Techs_Motos,,,0.736,,,,,,,,,,,,,0.736,,,,,0.736,,,0.7288,,,,,,
BAU,14,2021,Techs_SUV,,,0.3591,,,,,,,,,,,,,0.3591,,,,,0.3591,,,0.3555,,,,,,
BAU,14,2022,Techs_SUV,,,0.3884,,,,,,,,,,,,,0.3884,,,,,0.3884,,,0.3846,,,,,,
BAU,14,2023,Techs_SUV,,,0.4066,,,,,,,,,,,,,0.4066,,,,,0.4066,,,0.4026,,,,,,
BAU,14,2024,Techs_SUV,,,0.4144,,,,,,,,,,,,,0.4144,,,,,0.4144,,,0.4103,,,,,,
BAU,14,2025,Techs_SUV,,,0.4224,,,,,,,,,,,,,0.4224,,,,,0.4224,,,0.4182,,,,,,
BAU,14,2026,Techs_SUV,,,0.4306,,,,,,,,,,,,,0.4306,,,,,0.4306,,,0.4263,,,,,,
BAU,14,2027,Techs_SUV,,,0.4373,,,,,,,,,,,,,0.4373,,,,,0.4373,,,0.4331,,,,,,
BAU,14,2028,Techs_SUV,,,0.4442,,,,,,,,,,,,,0.4442,,,,,0.4442,,,0.4399,,,,,,
BAU,14,2029,Techs_SUV,,,0.451,,,,,,,,,,,,,0.451,,,,,0.451,,,0.44658125,,,,,,
BAU,14,2030,Techs_SUV,,,0.4578,,,,,,,,,,,,,0.4578,,,,,0.4578,,,0.45330625,,,,,,
BAU,14,2031,Techs_SUV,,,0.4654,,,,,,,,,,,,,0.4654,,,,,0.4654,,,0.4608,,,,,,
BAU,14,2032,Techs_SUV,,,0.473,,,,,,,,,,,,,0.473,,,,,0.473,,,0.4683,,,,,,
BAU,14,2033,Techs_SUV,,,0.4805,,,,,,,,,,,,,0.4805,,,,,0.4805,,,0.47573125,,,,,,
BAU,14,2034,Techs_SUV,,,0.4879,,,,,,,,,,,,,0.4879,,,,,0.4879,,,0.4831,,,,,,
BAU,14,2035,Techs_SUV,,,0.4953,,,,,,,,,,,,,0.4953,,,,,0.4953,,,0.49044375,,,,,,
BAU,14,2036,Techs_SUV,,,0.5046,,,,,,,,,,,,,0.5046,,,,,0.5046,,,0.4997,,,,,,
BAU,14,2037,Techs_SUV,,,0.5139,,,,,,,,,,,,,0.5139,,,,,0.5139,,,0.5088,,,,,,
BAU,14,2038,Techs_SUV,,,0.5231,,,,,,,,,,,,,0.5231,,,,,0.5231,,,0.5179,,,,,,
BAU,14,2039,Techs_SUV,,,0.5322,,,,,,,,,,,,,0.5322,,,,,0.5322,,,0.5269,,,,,,
BAU,14,2040,Techs_SUV,,,0.5413,,,,,,,,,,,,,0.5413,,,,,0.5413,,,0.5359,,,,,,
BAU,14,2041,Techs_SUV,,,0.5521,,,,,,,,,,,,,0.5521,,,,,0.5521,,,0.5467,,,,,,
BAU,14,2042,Techs_SUV,,,0.5629,,,,,,,,,,,,,0.5629,,,,,0.5629,,,0.5573,,,,,,
BAU,14,2043,Techs_SUV,,,0.5737,,,,,,,,,,,,,0.5737,,,,,0.5737,,,0.568,,,,,,
BAU,14,2044,Techs_SUV,,,0.5843,,,,,,,,,,,,,0.5843,,,,,0.5843,,,0.5785,,,,,,
BAU,14,2045,Techs_SUV,,,0.595,,,,,,,,,,,,,0.595,,,,,0.595,,,0.5891,,,,,,
BAU,14,2046,Techs_SUV,,,0.6068,,,,,,,,,,,,,0.6068,,,,,0.6068,,,0.6008,,,,,,
BAU,14,2047,Techs_SUV,,,0.6186,,,,,,,,,,,,,0.6186,,,,,0.6186,,,0.61255,,,,,,
BAU,14,2048,Techs_SUV,,,0.6303,,,,,,,,,,,,,0.6303,,,,,0.6303,,,0.6240875,,,,,,
BAU,14,2049,Techs_SUV,,,0.6419,,,,,,,,,,,,,0.6419,,,,,0.6419,,,0.6356,,,,,,
BAU,14,2050,Techs_SUV,,,0.6535,,,,,,,,,,,,,0.6535,,,,,0.6535,,,0.647,,,,,,
BAU,14,2051,Techs_SUV,,,0.6652,,,,,,,,,,,,,0.6652,,,,,0.6652,,,0.658675,,,,,,
BAU,14,2052,Techs_SUV,,,0.6771,,,,,,,,,,,,,0.6771,,,,,0.6771,,,0.6705,,,,,,
BAU,14,2053,Techs_SUV,,,0.6893,,,,,,,,,,,,,0.6893,,,,,0.6893,,,0.6825,,,,,,
BAU,14,2054,Techs_SUV,,,0.7017,,,,,,,,,,,,,0.7017,,,,,0.7017,,,0.6947,,,,,,
BAU,14,2055,Techs_SUV,,,0.7142,,,,,,,,,,,,,0.7142,,,,,0.7142,,,0.70716875,,,,,,
BAU,14,2021,Techs_Taxi,,,0.8799,,,,,,,,,,,,,0.8799,,,,,0.8799,,,0.8712,,,,,,
BAU,14,2022,Techs_Taxi,,,0.952,,,,,,,,,,,,,0.952,,,,,0.952,,,0.9426,,,,,,
BAU,14,2023,Techs_Taxi,,,0.9964,,,,,,,,,,,,,0.9964,,,,,0.9964,,,0.9865,,,,,,
BAU,14,2024,Techs_Taxi,,,1.0156,,,,,,,,,,,,,1.0156,,,,,1.0156,,,1.0055,,,,,,
BAU,14,2025,Techs_Taxi,,,1.0353,,,,,,,,,,,,,1.0353,,,,,1.0353,,,1.025,,,,,,
BAU,14,2026,Techs_Taxi,,,1.0551,,,,,,,,,,,,,1.0551,,,,,1.0551,,,1.0447,,,,,,
BAU,14,2027,Techs_Taxi,,,1.0719,,,,,,,,,,,,,1.0719,,,,,1.0719,,,1.0614,,,,,,
BAU,14,2028,Techs_Taxi,,,1.0887,,,,,,,,,,,,,1.0887,,,,,1.0887,,,1.0779,,,,,,
BAU,14,2029,Techs_Taxi,,,1.1053,,,,,,,,,,,,,1.1053,,,,,1.1053,,,1.0944,,,,,,
BAU,14,2030,Techs_Taxi,,,1.1218,,,,,,,,,,,,,1.1218,,,,,1.1218,,,1.1107,,,,,,
BAU,14,2031,Techs_Taxi,,,1.1405,,,,,,,,,,,,,1.1405,,,,,1.1405,,,1.1291,,,,,,
BAU,14,2032,Techs_Taxi,,,1.1591,,,,,,,,,,,,,1.1591,,,,,1.1591,,,1.1476,,,,,,
BAU,14,2033,Techs_Taxi,,,1.1774,,,,,,,,,,,,,1.1774,,,,,1.1774,,,1.1658,,,,,,
BAU,14,2034,Techs_Taxi,,,1.1958,,,,,,,,,,,,,1.1958,,,,,1.1958,,,1.184,,,,,,
BAU,14,2035,Techs_Taxi,,,1.2137,,,,,,,,,,,,,1.2137,,,,,1.2137,,,1.2018,,,,,,
BAU,14,2036,Techs_Taxi,,,1.2367,,,,,,,,,,,,,1.2367,,,,,1.2367,,,1.2244,,,,,,
BAU,14,2037,Techs_Taxi,,,1.2593,,,,,,,,,,,,,1.2593,,,,,1.2593,,,1.2468,,,,,,
BAU,14,2038,Techs_Taxi,,,1.2818,,,,,,,,,,,,,1.2818,,,,,1.2818,,,1.2691,,,,,,
BAU,14,2039,Techs_Taxi,,,1.3042,,,,,,,,,,,,,1.3042,,,,,1.3042,,,1.2913,,,,,,
BAU,14,2040,Techs_Taxi,,,1.3264,,,,,,,,,,,,,1.3264,,,,,1.3264,,,1.3132,,,,,,
BAU,14,2041,Techs_Taxi,,,1.3531,,,,,,,,,,,,,1.3531,,,,,1.3531,,,1.3397,,,,,,
BAU,14,2042,Techs_Taxi,,,1.3795,,,,,,,,,,,,,1.3795,,,,,1.3795,,,1.3659,,,,,,
BAU,14,2043,Techs_Taxi,,,1.4058,,,,,,,,,,,,,1.4058,,,,,1.4058,,,1.392,,,,,,
BAU,14,2044,Techs_Taxi,,,1.4319,,,,,,,,,,,,,1.4319,,,,,1.4319,,,1.4178,,,,,,
BAU,14,2045,Techs_Taxi,,,1.458,,,,,,,,,,,,,1.458,,,,,1.458,,,1.4436,,,,,,
BAU,14,2046,Techs_Taxi,,,1.4871,,,,,,,,,,,,,1.4871,,,,,1.4871,,,1.4724,,,,,,
BAU,14,2047,Techs_Taxi,,,1.516,,,,,,,,,,,,,1.516,,,,,1.516,,,1.501,,,,,,
BAU,14,2048,Techs_Taxi,,,1.5446,,,,,,,,,,,,,1.5446,,,,,1.5446,,,1.5293,,,,,,
BAU,14,2049,Techs_Taxi,,,1.5731,,,,,,,,,,,,,1.5731,,,,,1.5731,,,1.5575,,,,,,
BAU,14,2050,Techs_Taxi,,,1.6014,,,,,,,,,,,,,1.6014,,,,,1.6014,,,1.5855,,,,,,
BAU,14,2051,Techs_Taxi,,,1.6301,,,,,,,,,,,,,1.6301,,,,,1.6301,,,1.614,,,,,,
BAU,14,2052,Techs_Taxi,,,1.6596,,,,,,,,,,,,,1.6596,,,,,1.6596,,,1.6431,,,,,,
BAU,14,2053,Techs_Taxi,,,1.6892,,,,,,,,,,,,,1.6892,,,,,1.6892,,,1.6725,,,,,,
BAU,14,2054,Techs_Taxi,,,1.7195,,,,,,,,,,,,,1.7195,,,,,1.7195,,,1.7025,,,,,,
BAU,14,2055,Techs_Taxi,,,1.7503,,,,,,,,,,,,,1.7503,,,,,1.7503,,,1.733,,,,,,
BAU,14,2021,Techs_Buses_Micro,,,0.1096,,,,,,,,,,,,,0.1096,,,,,0.1096,,,0.1085,,,,,,
BAU,14,2022,Techs_Buses_Micro,,,0.1186,,,,,,,,,,,,,0.1186,,,,,0.1186,,,0.1174,,,,,,
BAU,14,2023,Techs_Buses_Micro,,,0.1241,,,,,,,,,,,,,0.1241,,,,,0.1241,,,0.1229,,,,,,
BAU,14,2024,Techs_Buses_Micro,,,0.1266,,,,,,,,,,,,,0.1266,,,,,0.1266,,,0.1253,,,,,,
BAU,14,2025,Techs_Buses_Micro,,,0.129,,,,,,,,,,,,,0.129,,,,,0.129,,,0.1277,,,,,,
BAU,14,2026,Techs_Buses_Micro,,,0.1314,,,,,,,,,,,,,0.1314,,,,,0.1314,,,0.1301,,,,,,
BAU,14,2027,Techs_Buses_Micro,,,0.1335,,,,,,,,,,,,,0.1335,,,,,0.1335,,,0.1322,,,,,,
BAU,14,2028,Techs_Buses_Micro,,,0.1355,,,,,,,,,,,,,0.1355,,,,,0.1355,,,0.1342,,,,,,
BAU,14,2029,Techs_Buses_Micro,,,0.1377,,,,,,,,,,,,,0.1377,,,,,0.1377,,,0.1363,,,,,,
BAU,14,2030,Techs_Buses_Micro,,,0.1398,,,,,,,,,,,,,0.1398,,,,,0.1398,,,0.1384,,,,,,
BAU,14,2031,Techs_Buses_Micro,,,0.142,,,,,,,,,,,,,0.142,,,,,0.142,,,0.1406,,,,,,
BAU,14,2032,Techs_Buses_Micro,,,0.1444,,,,,,,,,,,,,0.1444,,,,,0.1444,,,0.1429,,,,,,
BAU,14,2033,Techs_Buses_Micro,,,0.1467,,,,,,,,,,,,,0.1467,,,,,0.1467,,,0.1452,,,,,,
BAU,14,2034,Techs_Buses_Micro,,,0.1489,,,,,,,,,,,,,0.1489,,,,,0.1489,,,0.1474,,,,,,
BAU,14,2035,Techs_Buses_Micro,,,0.1512,,,,,,,,,,,,,0.1512,,,,,0.1512,,,0.1497,,,,,,
BAU,14,2036,Techs_Buses_Micro,,,0.1541,,,,,,,,,,,,,0.1541,,,,,0.1541,,,0.1525,,,,,,
BAU,14,2037,Techs_Buses_Micro,,,0.1569,,,,,,,,,,,,,0.1569,,,,,0.1569,,,0.1553,,,,,,
BAU,14,2038,Techs_Buses_Micro,,,0.1596,,,,,,,,,,,,,0.1596,,,,,0.1596,,,0.1581,,,,,,
BAU,14,2039,Techs_Buses_Micro,,,0.1625,,,,,,,,,,,,,0.1625,,,,,0.1625,,,0.1609,,,,,,
BAU,14,2040,Techs_Buses_Micro,,,0.1652,,,,,,,,,,,,,0.1652,,,,,0.1652,,,0.1636,,,,,,
BAU,14,2041,Techs_Buses_Micro,,,0.1685,,,,,,,,,,,,,0.1685,,,,,0.1685,,,0.1669,,,,,,
BAU,14,2042,Techs_Buses_Micro,,,0.1718,,,,,,,,,,,,,0.1718,,,,,0.1718,,,0.1701,,,,,,
BAU,14,2043,Techs_Buses_Micro,,,0.1751,,,,,,,,,,,,,0.1751,,,,,0.1751,,,0.1734,,,,,,
BAU,14,2044,Techs_Buses_Micro,,,0.1784,,,,,,,,,,,,,0.1784,,,,,0.1784,,,0.1766,,,,,,
BAU,14,2045,Techs_Buses_Micro,,,0.1816,,,,,,,,,,,,,0.1816,,,,,0.1816,,,0.1799,,,,,,
BAU,14,2046,Techs_Buses_Micro,,,0.1852,,,,,,,,,,,,,0.1852,,,,,0.1852,,,0.1835,,,,,,
BAU,14,2047,Techs_Buses_Micro,,,0.1888,,,,,,,,,,,,,0.1888,,,,,0.1888,,,0.1869,,,,,,
BAU,14,2048,Techs_Buses_Micro,,,0.1924,,,,,,,,,,,,,0.1924,,,,,0.1924,,,0.19070743,,,,,,
BAU,14,2049,Techs_Buses_Micro,,,0.196,,,,,,,,,,,,,0.196,,,,,0.196,,,0.194,,,,,,
BAU,14,2050,Techs_Buses_Micro,,,0.1995,,,,,,,,,,,,,0.1995,,,,,0.1995,,,0.19763723,,,,,,
BAU,14,2051,Techs_Buses_Micro,,,0.2031,,,,,,,,,,,,,0.2031,,,,,0.2031,,,0.2011,,,,,,
BAU,14,2052,Techs_Buses_Micro,,,0.2067,,,,,,,,,,,,,0.2067,,,,,0.2067,,,0.20475035,,,,,,
BAU,14,2053,Techs_Buses_Micro,,,0.2105,,,,,,,,,,,,,0.2105,,,,,0.2105,,,0.2083,,,,,,
BAU,14,2054,Techs_Buses_Micro,,,0.2142,,,,,,,,,,,,,0.2142,,,,,0.2142,,,0.21215464,,,,,,
BAU,14,2055,Techs_Buses_Micro,,,0.218,,,,,,,,,,,,,0.218,,,,,0.218,,,0.21597541,,,,,,
BAU,14,2021,Techs_Buses_Pub,,,0.0059,,,,,,,,,,,,,0.0059,,,,,0.0059,,,0.0058559266,,,,,,
BAU,14,2022,Techs_Buses_Pub,,,0.0064,,,,,,,,,,,,,0.0064,,,,,0.0064,,,0.0063304126,,,,,,
BAU,14,2023,Techs_Buses_Pub,,,0.0067,,,,,,,,,,,,,0.0067,,,,,0.0067,,,0.0066188217,,,,,,
BAU,14,2024,Techs_Buses_Pub,,,0.0068,,,,,,,,,,,,,0.0068,,,,,0.0068,,,0.0067322762,,,,,,
BAU,14,2025,Techs_Buses_Pub,,,0.007,,,,,,,,,,,,,0.007,,,,,0.007,,,0.0069,,,,,,
BAU,14,2026,Techs_Buses_Pub,,,0.0071,,,,,,,,,,,,,0.0071,,,,,0.0071,,,0.0070221224,,,,,,
BAU,14,2027,Techs_Buses_Pub,,,0.0072,,,,,,,,,,,,,0.0072,,,,,0.0072,,,0.0071262028,,,,,,
BAU,14,2028,Techs_Buses_Pub,,,0.0074,,,,,,,,,,,,,0.0074,,,,,0.0074,,,0.0073,,,,,,
BAU,14,2029,Techs_Buses_Pub,,,0.0074,,,,,,,,,,,,,0.0074,,,,,0.0074,,,0.0073528007,,,,,,
BAU,14,2030,Techs_Buses_Pub,,,0.0075,,,,,,,,,,,,,0.0075,,,,,0.0075,,,0.0074428951,,,,,,
BAU,14,2031,Techs_Buses_Pub,,,0.0077,,,,,,,,,,,,,0.0077,,,,,0.0077,,,0.0076,,,,,,
BAU,14,2032,Techs_Buses_Pub,,,0.0078,,,,,,,,,,,,,0.0078,,,,,0.0078,,,0.0077163741,,,,,,
BAU,14,2033,Techs_Buses_Pub,,,0.0079,,,,,,,,,,,,,0.0079,,,,,0.0079,,,0.0078272867,,,,,,
BAU,14,2034,Techs_Buses_Pub,,,0.008,,,,,,,,,,,,,0.008,,,,,0.008,,,0.0079706224,,,,,,
BAU,14,2035,Techs_Buses_Pub,,,0.0082,,,,,,,,,,,,,0.0082,,,,,0.0082,,,0.0081,,,,,,
BAU,14,2036,Techs_Buses_Pub,,,0.0083,,,,,,,,,,,,,0.0083,,,,,0.0083,,,0.0082261364,,,,,,
BAU,14,2037,Techs_Buses_Pub,,,0.0084,,,,,,,,,,,,,0.0084,,,,,0.0084,,,0.0083742343,,,,,,
BAU,14,2038,Techs_Buses_Pub,,,0.0086,,,,,,,,,,,,,0.0086,,,,,0.0086,,,0.0085170874,,,,,,
BAU,14,2039,Techs_Buses_Pub,,,0.0088,,,,,,,,,,,,,0.0088,,,,,0.0088,,,0.0087,,,,,,
BAU,14,2040,Techs_Buses_Pub,,,0.0089,,,,,,,,,,,,,0.0089,,,,,0.0089,,,0.008808993,,,,,,
BAU,14,2041,Techs_Buses_Pub,,,0.0091,,,,,,,,,,,,,0.0091,,,,,0.0091,,,0.009,,,,,,
BAU,14,2042,Techs_Buses_Pub,,,0.0093,,,,,,,,,,,,,0.0093,,,,,0.0093,,,0.0092,,,,,,
BAU,14,2043,Techs_Buses_Pub,,,0.0094,,,,,,,,,,,,,0.0094,,,,,0.0094,,,0.0093378252,,,,,,
BAU,14,2044,Techs_Buses_Pub,,,0.0096,,,,,,,,,,,,,0.0096,,,,,0.0096,,,0.0095205664,,,,,,
BAU,14,2045,Techs_Buses_Pub,,,0.0097,,,,,,,,,,,,,0.0097,,,,,0.0097,,,0.0096638916,,,,,,
BAU,14,2046,Techs_Buses_Pub,,,0.01,,,,,,,,,,,,,0.01,,,,,0.01,,,0.0099,,,,,,
BAU,14,2047,Techs_Buses_Pub,,,0.0102,,,,,,,,,,,,,0.0102,,,,,0.0102,,,0.0101,,,,,,
BAU,14,2048,Techs_Buses_Pub,,,0.0103,,,,,,,,,,,,,0.0103,,,,,0.0103,,,0.0102,,,,,,
BAU,14,2049,Techs_Buses_Pub,,,0.0106,,,,,,,,,,,,,0.0106,,,,,0.0106,,,0.0105,,,,,,
BAU,14,2050,Techs_Buses_Pub,,,0.0107,,,,,,,,,,,,,0.0107,,,,,0.0107,,,0.0106,,,,,,
BAU,14,2051,Techs_Buses_Pub,,,0.011,,,,,,,,,,,,,0.011,,,,,0.011,,,0.0109,,,,,,
BAU,14,2052,Techs_Buses_Pub,,,0.0111,,,,,,,,,,,,,0.0111,,,,,0.0111,,,0.011,,,,,,
BAU,14,2053,Techs_Buses_Pub,,,0.0113,,,,,,,,,,,,,0.0113,,,,,0.0113,,,0.0113,,,,,,
BAU,14,2054,Techs_Buses_Pub,,,0.0115,,,,,,,,,,,,,0.0115,,,,,0.0115,,,0.0114,,,,,,
BAU,14,2055,Techs_Buses_Pub,,,0.0117,,,,,,,,,,,,,0.0117,,,,,0.0117,,,0.0116,,,,,,
BAU,14,2021,Techs_He_Freight,,,1.2095,,,,,,,,,,,,,1.2095,,,,,1.2095,,,1.1975,,,,,,
BAU,14,2022,Techs_He_Freight,,,1.3086,,,,,,,,,,,,,1.3086,,,,,1.3086,,,1.2956,,,,,,
BAU,14,2023,Techs_He_Freight,,,1.3696,,,,,,,,,,,,,1.3696,,,,,1.3696,,,1.3560036,,,,,,
BAU,14,2024,Techs_He_Freight,,,1.3958,,,,,,,,,,,,,1.3958,,,,,1.3958,,,1.3820251,,,,,,
BAU,14,2025,Techs_He_Freight,,,1.4229,,,,,,,,,,,,,1.4229,,,,,1.4229,,,1.4088,,,,,,
BAU,14,2026,Techs_He_Freight,,,1.4503,,,,,,,,,,,,,1.4503,,,,,1.4503,,,1.435914,,,,,,
BAU,14,2027,Techs_He_Freight,,,1.4801,,,,,,,,,,,,,1.4801,,,,,1.4801,,,1.4654839,,,,,,
BAU,14,2028,Techs_He_Freight,,,1.5101,,,,,,,,,,,,,1.5101,,,,,1.5101,,,1.4952,,,,,,
BAU,14,2029,Techs_He_Freight,,,1.5402,,,,,,,,,,,,,1.5402,,,,,1.5402,,,1.5249,,,,,,
BAU,14,2030,Techs_He_Freight,,,1.5702,,,,,,,,,,,,,1.5702,,,,,1.5702,,,1.5547312,,,,,,
BAU,14,2031,Techs_He_Freight,,,1.6037,,,,,,,,,,,,,1.6037,,,,,1.6037,,,1.5878047,,,,,,
BAU,14,2032,Techs_He_Freight,,,1.6371,,,,,,,,,,,,,1.6371,,,,,1.6371,,,1.621,,,,,,
BAU,14,2033,Techs_He_Freight,,,1.6708,,,,,,,,,,,,,1.6708,,,,,1.6708,,,1.6542473,,,,,,
BAU,14,2034,Techs_He_Freight,,,1.7046,,,,,,,,,,,,,1.7046,,,,,1.7046,,,1.6876254,,,,,,
BAU,14,2035,Techs_He_Freight,,,1.7383,,,,,,,,,,,,,1.7383,,,,,1.7383,,,1.7211022,,,,,,
BAU,14,2036,Techs_He_Freight,,,1.7791,,,,,,,,,,,,,1.7791,,,,,1.7791,,,1.7615143,,,,,,
BAU,14,2037,Techs_He_Freight,,,1.8201,,,,,,,,,,,,,1.8201,,,,,1.8201,,,1.8021,,,,,,
BAU,14,2038,Techs_He_Freight,,,1.8612,,,,,,,,,,,,,1.8612,,,,,1.8612,,,1.842724,,,,,,
BAU,14,2039,Techs_He_Freight,,,1.9023,,,,,,,,,,,,,1.9023,,,,,1.9023,,,1.8835125,,,,,,
BAU,14,2040,Techs_He_Freight,,,1.9437,,,,,,,,,,,,,1.9437,,,,,1.9437,,,1.9245,,,,,,
BAU,14,2041,Techs_He_Freight,,,1.992,,,,,,,,,,,,,1.992,,,,,1.992,,,1.9723,,,,,,
BAU,14,2042,Techs_He_Freight,,,2.0404,,,,,,,,,,,,,2.0404,,,,,2.0404,,,2.0202,,,,,,
BAU,14,2043,Techs_He_Freight,,,2.0889,,,,,,,,,,,,,2.0889,,,,,2.0889,,,2.0683,,,,,,
BAU,14,2044,Techs_He_Freight,,,2.1377,,,,,,,,,,,,,2.1377,,,,,2.1377,,,2.1165502,,,,,,
BAU,14,2045,Techs_He_Freight,,,2.1866,,,,,,,,,,,,,2.1866,,,,,2.1866,,,2.165,,,,,,
BAU,14,2046,Techs_He_Freight,,,2.2407,,,,,,,,,,,,,2.2407,,,,,2.2407,,,2.2185,,,,,,
BAU,14,2047,Techs_He_Freight,,,2.2948,,,,,,,,,,,,,2.2948,,,,,2.2948,,,2.2721,,,,,,
BAU,14,2048,Techs_He_Freight,,,2.3491,,,,,,,,,,,,,2.3491,,,,,2.3491,,,2.3259,,,,,,
BAU,14,2049,Techs_He_Freight,,,2.4037,,,,,,,,,,,,,2.4037,,,,,2.4037,,,2.3799,,,,,,
BAU,14,2050,Techs_He_Freight,,,2.4583,,,,,,,,,,,,,2.4583,,,,,2.4583,,,2.434,,,,,,
BAU,14,2051,Techs_He_Freight,,,2.5142,,,,,,,,,,,,,2.5142,,,,,2.5142,,,2.4893548,,,,,,
BAU,14,2052,Techs_He_Freight,,,2.5715,,,,,,,,,,,,,2.5715,,,,,2.5715,,,2.546,,,,,,
BAU,14,2053,Techs_He_Freight,,,2.6299,,,,,,,,,,,,,2.6299,,,,,2.6299,,,2.6039,,,,,,
BAU,14,2054,Techs_He_Freight,,,2.6896,,,,,,,,,,,,,2.6896,,,,,2.6896,,,2.6630556,,,,,,
BAU,14,2055,Techs_He_Freight,,,2.7508,,,,,,,,,,,,,2.7508,,,,,2.7508,,,2.7236022,,,,,,
BAU,14,2021,Techs_Li_Freight,,,0.4479,,,,,,,,,,,,,0.4479,,,,,0.4479,,,0.4435,,,,,,
BAU,14,2022,Techs_Li_Freight,,,0.4846,,,,,,,,,,,,,0.4846,,,,,0.4846,,,0.47983871,,,,,,
BAU,14,2023,Techs_Li_Freight,,,0.5072,,,,,,,,,,,,,0.5072,,,,,0.5072,,,0.5022043,,,,,,
BAU,14,2024,Techs_Li_Freight,,,0.517,,,,,,,,,,,,,0.517,,,,,0.517,,,0.5119,,,,,,
BAU,14,2025,Techs_Li_Freight,,,0.527,,,,,,,,,,,,,0.527,,,,,0.527,,,0.5218,,,,,,
BAU,14,2026,Techs_Li_Freight,,,0.5371,,,,,,,,,,,,,0.5371,,,,,0.5371,,,0.53182796,,,,,,
BAU,14,2027,Techs_Li_Freight,,,0.5482,,,,,,,,,,,,,0.5482,,,,,0.5482,,,0.5428,,,,,,
BAU,14,2028,Techs_Li_Freight,,,0.5592,,,,,,,,,,,,,0.5592,,,,,0.5592,,,0.55376344,,,,,,
BAU,14,2029,Techs_Li_Freight,,,0.5703,,,,,,,,,,,,,0.5703,,,,,0.5703,,,0.56473118,,,,,,
BAU,14,2030,Techs_Li_Freight,,,0.5816,,,,,,,,,,,,,0.5816,,,,,0.5816,,,0.57580645,,,,,,
BAU,14,2031,Techs_Li_Freight,,,0.5939,,,,,,,,,,,,,0.5939,,,,,0.5939,,,0.58811828,,,,,,
BAU,14,2032,Techs_Li_Freight,,,0.6063,,,,,,,,,,,,,0.6063,,,,,0.6063,,,0.6004,,,,,,
BAU,14,2033,Techs_Li_Freight,,,0.6189,,,,,,,,,,,,,0.6189,,,,,0.6189,,,0.6127,,,,,,
BAU,14,2034,Techs_Li_Freight,,,0.6313,,,,,,,,,,,,,0.6313,,,,,0.6313,,,0.62505376,,,,,,
BAU,14,2035,Techs_Li_Freight,,,0.6439,,,,,,,,,,,,,0.6439,,,,,0.6439,,,0.6375,,,,,,
BAU,14,2036,Techs_Li_Freight,,,0.6589,,,,,,,,,,,,,0.6589,,,,,0.6589,,,0.65241935,,,,,,
BAU,14,2037,Techs_Li_Freight,,,0.6742,,,,,,,,,,,,,0.6742,,,,,0.6742,,,0.66741935,,,,,,
BAU,14,2038,Techs_Li_Freight,,,0.6893,,,,,,,,,,,,,0.6893,,,,,0.6893,,,0.6825,,,,,,
BAU,14,2039,Techs_Li_Freight,,,0.7046,,,,,,,,,,,,,0.7046,,,,,0.7046,,,0.69763441,,,,,,
BAU,14,2040,Techs_Li_Freight,,,0.72,,,,,,,,,,,,,0.72,,,,,0.72,,,0.7128,,,,,,
BAU,14,2041,Techs_Li_Freight,,,0.7377,,,,,,,,,,,,,0.7377,,,,,0.7377,,,0.73048387,,,,,,
BAU,14,2042,Techs_Li_Freight,,,0.7558,,,,,,,,,,,,,0.7558,,,,,0.7558,,,0.7483,,,,,,
BAU,14,2043,Techs_Li_Freight,,,0.7736,,,,,,,,,,,,,0.7736,,,,,0.7736,,,0.76602151,,,,,,
BAU,14,2044,Techs_Li_Freight,,,0.7917,,,,,,,,,,,,,0.7917,,,,,0.7917,,,0.78387097,,,,,,
BAU,14,2045,Techs_Li_Freight,,,0.8099,,,,,,,,,,,,,0.8099,,,,,0.8099,,,0.8019,,,,,,
BAU,14,2046,Techs_Li_Freight,,,0.8299,,,,,,,,,,,,,0.8299,,,,,0.8299,,,0.8217,,,,,,
BAU,14,2047,Techs_Li_Freight,,,0.8499,,,,,,,,,,,,,0.8499,,,,,0.8499,,,0.84150538,,,,,,
BAU,14,2048,Techs_Li_Freight,,,0.87,,,,,,,,,,,,,0.87,,,,,0.87,,,0.86145161,,,,,,
BAU,14,2049,Techs_Li_Freight,,,0.8902,,,,,,,,,,,,,0.8902,,,,,0.8902,,,0.8814,,,,,,
BAU,14,2050,Techs_Li_Freight,,,0.9106,,,,,,,,,,,,,0.9106,,,,,0.9106,,,0.90150538,,,,,,
BAU,14,2051,Techs_Li_Freight,,,0.9313,,,,,,,,,,,,,0.9313,,,,,0.9313,,,0.922,,,,,,
BAU,14,2052,Techs_Li_Freight,,,0.9523,,,,,,,,,,,,,0.9523,,,,,0.9523,,,0.94295699,,,,,,
BAU,14,2053,Techs_Li_Freight,,,0.974,,,,,,,,,,,,,0.974,,,,,0.974,,,0.9644086,,,,,,
BAU,14,2054,Techs_Li_Freight,,,0.9962,,,,,,,,,,,,,0.9962,,,,,0.9962,,,0.9863,,,,,,
BAU,14,2055,Techs_Li_Freight,,,1.0188,,,,,,,,,,,,,1.0188,,,,,1.0188,,,1.0088,,,,,,
BAU,14,2021,Techs_Maritime,,,1.0927,,,,,,,,,,,,,1.0927,,,,,1.0927,,,1.0819,,,,,,
BAU,14,2022,Techs_Maritime,,,1.1822,,,,,,,,,,,,,1.1822,,,,,1.1822,,,1.1705,,,,,,
BAU,14,2023,Techs_Maritime,,,1.2374,,,,,,,,,,,,,1.2374,,,,,1.2374,,,1.2251,,,,,,
BAU,14,2024,Techs_Maritime,,,1.2611,,,,,,,,,,,,,1.2611,,,,,1.2611,,,1.2486,,,,,,
BAU,14,2025,Techs_Maritime,,,1.2855,,,,,,,,,,,,,1.2855,,,,,1.2855,,,1.2728,,,,,,
BAU,14,2026,Techs_Maritime,,,1.3103,,,,,,,,,,,,,1.3103,,,,,1.3103,,,1.2973,,,,,,
BAU,14,2027,Techs_Maritime,,,1.335,,,,,,,,,,,,,1.335,,,,,1.335,,,1.3218,,,,,,
BAU,14,2028,Techs_Maritime,,,1.3598,,,,,,,,,,,,,1.3598,,,,,1.3598,,,1.3463,,,,,,
BAU,14,2029,Techs_Maritime,,,1.3845,,,,,,,,,,,,,1.3845,,,,,1.3845,,,1.3708,,,,,,
BAU,14,2030,Techs_Maritime,,,1.4093,,,,,,,,,,,,,1.4093,,,,,1.4093,,,1.3953,,,,,,
BAU,14,2031,Techs_Maritime,,,1.4368,,,,,,,,,,,,,1.4368,,,,,1.4368,,,1.4226,,,,,,
BAU,14,2032,Techs_Maritime,,,1.4645,,,,,,,,,,,,,1.4645,,,,,1.4645,,,1.45,,,,,,
BAU,14,2033,Techs_Maritime,,,1.4921,,,,,,,,,,,,,1.4921,,,,,1.4921,,,1.4773,,,,,,
BAU,14,2034,Techs_Maritime,,,1.5196,,,,,,,,,,,,,1.5196,,,,,1.5196,,,1.5046,,,,,,
BAU,14,2035,Techs_Maritime,,,1.5472,,,,,,,,,,,,,1.5472,,,,,1.5472,,,1.5319,,,,,,
BAU,14,2036,Techs_Maritime,,,1.581,,,,,,,,,,,,,1.581,,,,,1.581,,,1.5653,,,,,,
BAU,14,2037,Techs_Maritime,,,1.6147,,,,,,,,,,,,,1.6147,,,,,1.6147,,,1.5987,,,,,,
BAU,14,2038,Techs_Maritime,,,1.6484,,,,,,,,,,,,,1.6484,,,,,1.6484,,,1.6321,,,,,,
BAU,14,2039,Techs_Maritime,,,1.6822,,,,,,,,,,,,,1.6822,,,,,1.6822,,,1.6655,,,,,,
BAU,14,2040,Techs_Maritime,,,1.7159,,,,,,,,,,,,,1.7159,,,,,1.7159,,,1.6989,,,,,,
BAU,14,2041,Techs_Maritime,,,1.7557,,,,,,,,,,,,,1.7557,,,,,1.7557,,,1.7383,,,,,,
BAU,14,2042,Techs_Maritime,,,1.7955,,,,,,,,,,,,,1.7955,,,,,1.7955,,,1.7777,,,,,,
BAU,14,2043,Techs_Maritime,,,1.8352,,,,,,,,,,,,,1.8352,,,,,1.8352,,,1.817,,,,,,
BAU,14,2044,Techs_Maritime,,,1.875,,,,,,,,,,,,,1.875,,,,,1.875,,,1.8564,,,,,,
BAU,14,2045,Techs_Maritime,,,1.9148,,,,,,,,,,,,,1.9148,,,,,1.9148,,,1.8958,,,,,,
BAU,14,2046,Techs_Maritime,,,1.9589,,,,,,,,,,,,,1.9589,,,,,1.9589,,,1.9395,,,,,,
BAU,14,2047,Techs_Maritime,,,2.003,,,,,,,,,,,,,2.003,,,,,2.003,,,1.9832,,,,,,
BAU,14,2048,Techs_Maritime,,,2.0472,,,,,,,,,,,,,2.0472,,,,,2.0472,,,2.0269,,,,,,
BAU,14,2049,Techs_Maritime,,,2.0913,,,,,,,,,,,,,2.0913,,,,,2.0913,,,2.0706,,,,,,
BAU,14,2050,Techs_Maritime,,,2.1354,,,,,,,,,,,,,2.1354,,,,,2.1354,,,2.1143,,,,,,
BAU,14,2051,Techs_Maritime,,,2.1805,,,,,,,,,,,,,2.1805,,,,,2.1805,,,2.1589,,,,,,
BAU,14,2052,Techs_Maritime,,,2.2265,,,,,,,,,,,,,2.2265,,,,,2.2265,,,2.2045,,,,,,
BAU,14,2053,Techs_Maritime,,,2.2735,,,,,,,,,,,,,2.2735,,,,,2.2735,,,2.251,,,,,,
BAU,14,2054,Techs_Maritime,,,2.3215,,,,,,,,,,,,,2.3215,,,,,2.3215,,,2.2985,,,,,,
BAU,14,2055,Techs_Maritime,,,2.3705,,,,,,,,,,,,,2.3705,,,,,2.3705,,,2.347,,,,,,
BAU,14,2021,Techs_Maritime_Freight,,,1.0927,,,,,,,,,,,,,1.0927,,,,,1.0927,,,1.0819,,,,,,
BAU,14,2022,Techs_Maritime_Freight,,,1.1822,,,,,,,,,,,,,1.1822,,,,,1.1822,,,1.1705,,,,,,
BAU,14,2023,Techs_Maritime_Freight,,,1.2374,,,,,,,,,,,,,1.2374,,,,,1.2374,,,1.2251,,,,,,
BAU,14,2024,Techs_Maritime_Freight,,,1.2611,,,,,,,,,,,,,1.2611,,,,,1.2611,,,1.2486,,,,,,
BAU,14,2025,Techs_Maritime_Freight,,,1.2855,,,,,,,,,,,,,1.2855,,,,,1.2855,,,1.2728,,,,,,
BAU,14,2026,Techs_Maritime_Freight,,,1.3103,,,,,,,,,,,,,1.3103,,,,,1.3103,,,1.2973,,,,,,
BAU,14,2027,Techs_Maritime_Freight,,,1.335,,,,,,,,,,,,,1.335,,,,,1.335,,,1.3218,,,,,,
BAU,14,2028,Techs_Maritime_Freight,,,1.3598,,,,,,,,,,,,,1.3598,,,,,1.3598,,,1.3463,,,,,,
BAU,14,2029,Techs_Maritime_Freight,,,1.3845,,,,,,,,,,,,,1.3845,,,,,1.3845,,,1.3708,,,,,,
BAU,14,2030,Techs_Maritime_Freight,,,1.4093,,,,,,,,,,,,,1.4093,,,,,1.4093,,,1.3953,,,,,,
BAU,14,2031,Techs_Maritime_Freight,,,1.4368,,,,,,,,,,,,,1.4368,,,,,1.4368,,,1.4226,,,,,,
BAU,14,2032,Techs_Maritime_Freight,,,1.4645,,,,,,,,,,,,,1.4645,,,,,1.4645,,,1.45,,,,,,
BAU,14,2033,Techs_Maritime_Freight,,,1.4921,,,,,,,,,,,,,1.4921,,,,,1.4921,,,1.4773,,,,,,
BAU,14,2034,Techs_Maritime_Freight,,,1.5196,,,,,,,,,,,,,1.5196,,,,,1.5196,,,1.5046,,,,,,
BAU,14,2035,Techs_Maritime_Freight,,,1.5472,,,,,,,,,,,,,1.5472,,,,,1.5472,,,1.5319,,,,,,
BAU,14,2036,Techs_Maritime_Freight,,,1.581,,,,,,,,,,,,,1.581,,,,,1.581,,,1.5653,,,,,,
BAU,14,2037,Techs_Maritime_Freight,,,1.6147,,,,,,,,,,,,,1.6147,,,,,1.6147,,,1.5987,,,,,,
BAU,14,2038,Techs_Maritime_Freight,,,1.6484,,,,,,,,,,,,,1.6484,,,,,1.6484,,,1.6321,,,,,,
BAU,14,2039,Techs_Maritime_Freight,,,1.6822,,,,,,,,,,,,,1.6822,,,,,1.6822,,,1.6655,,,,,,
BAU,14,2040,Techs_Maritime_Freight,,,1.7159,,,,,,,,,,,,,1.7159,,,,,1.7159,,,1.6989,,,,,,
BAU,14,2041,Techs_Maritime_Freight,,,1.7557,,,,,,,,,,,,,1.7557,,,,,1.7557,,,1.7383,,,,,,
BAU,14,2042,Techs_Maritime_Freight,,,1.7955,,,,,,,,,,,,,1.7955,,,,,1.7955,,,1.7777,,,,,,
BAU,14,2043,Techs_Maritime_Freight,,,1.8352,,,,,,,,,,,,,1.8352,,,,,1.8352,,,1.817,,,,,,
BAU,14,2044,Techs_Maritime_Freight,,,1.875,,,,,,,,,,,,,1.875,,,,,1.875,,,1.8564,,,,,,
BAU,14,2045,Techs_Maritime_Freight,,,1.9148,,,,,,,,,,,,,1.9148,,,,,1.9148,,,1.8958,,,,,,
BAU,14,2046,Techs_Maritime_Freight,,,1.9589,,,,,,,,,,,,,1.9589,,,,,1.9589,,,1.9395,,,,,,
BAU,14,2047,Techs_Maritime_Freight,,,2.003,,,,,,,,,,,,,2.003,,,,,2.003,,,1.9832,,,,,,
BAU,14,2048,Techs_Maritime_Freight,,,2.0472,,,,,,,,,,,,,2.0472,,,,,2.0472,,,2.0269,,,,,,
BAU,14,2049,Techs_Maritime_Freight,,,2.0913,,,,,,,,,,,,,2.0913,,,,,2.0913,,,2.0706,,,,,,
BAU,14,2050,Techs_Maritime_Freight,,,2.1354,,,,,,,,,,,,,2.1354,,,,,2.1354,,,2.1143,,,,,,
BAU,14,2051,Techs_Maritime_Freight,,,2.1805,,,,,,,,,,,,,2.1805,,,,,2.1805,,,2.1589,,,,,,
BAU,14,2052,Techs_Maritime_Freight,,,2.2265,,,,,,,,,,,,,2.2265,,,,,2.2265,,,2.2045,,,,,,
BAU,14,2053,Techs_Maritime_Freight,,,2.2735,,,,,,,,,,,,,2.2735,,,,,2.2735,,,2.251,,,,,,
BAU,14,2054,Techs_Maritime_Freight,,,2.3215,,,,,,,,,,,,,2.3215,,,,,2.3215,,,2.2985,,,,,,
BAU,14,2055,Techs_Maritime_Freight,,,2.3705,,,,,,,,,,,,,2.3705,,,,,2.3705,,,2.347,,,,,,
BAU,14,2021,Techs_Aviation,,,1.0927,,,,,,,,,,,,,1.0927,,,,,1.0927,,,1.0819,,,,,,
BAU,14,2022,Techs_Aviation,,,1.1822,,,,,,,,,,,,,1.1822,,,,,1.1822,,,1.1705,,,,,,
BAU,14,2023,Techs_Aviation,,,1.2374,,,,,,,,,,,,,1.2374,,,,,1.2374,,,1.2251,,,,,,
BAU,14,2024,Techs_Aviation,,,1.2611,,,,,,,,,,,,,1.2611,,,,,1.2611,,,1.2486,,,,,,
BAU,14,2025,Techs_Aviation,,,1.2855,,,,,,,,,,,,,1.2855,,,,,1.2855,,,1.2728,,,,,,
BAU,14,2026,Techs_Aviation,,,1.3103,,,,,,,,,,,,,1.3103,,,,,1.3103,,,1.2973,,,,,,
BAU,14,2027,Techs_Aviation,,,1.335,,,,,,,,,,,,,1.335,,,,,1.335,,,1.3218,,,,,,
BAU,14,2028,Techs_Aviation,,,1.3598,,,,,,,,,,,,,1.3598,,,,,1.3598,,,1.3463,,,,,,
BAU,14,2029,Techs_Aviation,,,1.3845,,,,,,,,,,,,,1.3845,,,,,1.3845,,,1.3708,,,,,,
BAU,14,2030,Techs_Aviation,,,1.4093,,,,,,,,,,,,,1.4093,,,,,1.4093,,,1.3953,,,,,,
BAU,14,2031,Techs_Aviation,,,1.4368,,,,,,,,,,,,,1.4368,,,,,1.4368,,,1.4226,,,,,,
BAU,14,2032,Techs_Aviation,,,1.4645,,,,,,,,,,,,,1.4645,,,,,1.4645,,,1.45,,,,,,
BAU,14,2033,Techs_Aviation,,,1.4921,,,,,,,,,,,,,1.4921,,,,,1.4921,,,1.4773,,,,,,
BAU,14,2034,Techs_Aviation,,,1.5196,,,,,,,,,,,,,1.5196,,,,,1.5196,,,1.5046,,,,,,
BAU,14,2035,Techs_Aviation,,,1.5472,,,,,,,,,,,,,1.5472,,,,,1.5472,,,1.5319,,,,,,
BAU,14,2036,Techs_Aviation,,,1.581,,,,,,,,,,,,,1.581,,,,,1.581,,,1.5653,,,,,,
BAU,14,2037,Techs_Aviation,,,1.6147,,,,,,,,,,,,,1.6147,,,,,1.6147,,,1.5987,,,,,,
BAU,14,2038,Techs_Aviation,,,1.6484,,,,,,,,,,,,,1.6484,,,,,1.6484,,,1.6321,,,,,,
BAU,14,2039,Techs_Aviation,,,1.6822,,,,,,,,,,,,,1.6822,,,,,1.6822,,,1.6655,,,,,,
BAU,14,2040,Techs_Aviation,,,1.7159,,,,,,,,,,,,,1.7159,,,,,1.7159,,,1.6989,,,,,,
BAU,14,2041,Techs_Aviation,,,1.7557,,,,,,,,,,,,,1.7557,,,,,1.7557,,,1.7383,,,,,,
BAU,14,2042,Techs_Aviation,,,1.7955,,,,,,,,,,,,,1.7955,,,,,1.7955,,,1.7777,,,,,,
BAU,14,2043,Techs_Aviation,,,1.8352,,,,,,,,,,,,,1.8352,,,,,1.8352,,,1.817,,,,,,
BAU,14,2044,Techs_Aviation,,,1.875,,,,,,,,,,,,,1.875,,,,,1.875,,,1.8564,,,,,,
BAU,14,2045,Techs_Aviation,,,1.9148,,,,,,,,,,,,,1.9148,,,,,1.9148,,,1.8958,,,,,,
BAU,14,2046,Techs_Aviation,,,1.9589,,,,,,,,,,,,,1.9589,,,,,1.9589,,,1.9395,,,,,,
BAU,14,2047,Techs_Aviation,,,2.003,,,,,,,,,,,,,2.003,,,,,2.003,,,1.9832,,,,,,
BAU,14,2048,Techs_Aviation,,,2.0472,,,,,,,,,,,,,2.0472,,,,,2.0472,,,2.0269,,,,,,
BAU,14,2049,Techs_Aviation,,,2.0913,,,,,,,,,,,,,2.0913,,,,,2.0913,,,2.0706,,,,,,
BAU,14,2050,Techs_Aviation,,,2.1354,,,,,,,,,,,,,2.1354,,,,,2.1354,,,2.1143,,,,,,
BAU,14,2051,Techs_Aviation,,,2.1805,,,,,,,,,,,,,2.1805,,,,,2.1805,,,2.1589,,,,,,
BAU,14,2052,Techs_Aviation,,,2.2265,,,,,,,,,,,,,2.2265,,,,,2.2265,,,2.2045,,,,,,
BAU,14,2053,Techs_Aviation,,,2.2735,,,,,,,,,,,,,2.2735,,,,,2.2735,,,2.251,,,,,,
BAU,14,2054,Techs_Aviation,,,2.3215,,,,,,,,,,,,,2.3215,,,,,2.3215,,,2.2985,,,,,,
BAU,14,2055,Techs_Aviation,,,2.3705,,,,,,,,,,,,,2.3705,,,,,2.3705,,,2.347,,,,,,
BAU,14,2021,,,Health,,0.11421314,,,,,,,,,,,,,,,,,,,,,,,,,,
BAU,14,2022,,,Health,,0.12366501,,,,,,,,,,,,,,,,,,,,,,,,,,
BAU,14,2023,,,Health,,0.12943115,,,,,,,,,,,,,,,,,,,,,,,,,,
BAU,14,2024,,,Health,,0.13192753,,,,,,,,,,,,,,,,,,,,,,,,,,
BAU,14,2025,,,Health,,0.13447954,,,,,,,,,,,,,,,,,,,,,,,,,,
BAU,14,2026,,,Health,,0.13654703,,,,,,,,,,,,,,,,,,,,,,,,,,
BAU,14,2027,,,Health,,0.13771933,,,,,,,,,,,,,,,,,,,,,,,,,,
BAU,14,2028,,,Health,,0.13962,,,,,,,,,,,,,,,,,,,,,,,,,,
BAU,14,2029,,,Health,,0.14154245,,,,,,,,,,,,,,,,,,,,,,,,,,
BAU,14,2030,,,Health,,0.14347327,,,,,,,,,,,,,,,,,,,,,,,,,,
BAU,14,2031,,,Health,,0.14564983,,,,,,,,,,,,,,,,,,,,,,,,,,
BAU,14,2032,,,Health,,0.14779814,,,,,,,,,,,,,,,,,,,,,,,,,,
BAU,14,2033,,,Health,,0.14991177,,,,,,,,,,,,,,,,,,,,,,,,,,
BAU,14,2034,,,Health,,0.15200259,,,,,,,,,,,,,,,,,,,,,,,,,,
BAU,14,2035,,,Health,,0.1540736,,,,,,,,,,,,,,,,,,,,,,,,,,
BAU,14,2036,,,Health,,0.15671329,,,,,,,,,,,,,,,,,,,,,,,,,,
BAU,14,2037,,,Health,,0.15970734,,,,,,,,,,,,,,,,,,,,,,,,,,
BAU,14,2038,,,Health,,0.16229162,,,,,,,,,,,,,,,,,,,,,,,,,,
BAU,14,2039,,,Health,,0.16484634,,,,,,,,,,,,,,,,,,,,,,,,,,
BAU,14,2040,,,Health,,0.16735196,,,,,,,,,,,,,,,,,,,,,,,,,,
BAU,14,2041,,,Health,,0.17141928,,,,,,,,,,,,,,,,,,,,,,,,,,
BAU,14,2042,,,Health,,0.175463,,,,,,,,,,,,,,,,,,,,,,,,,,
BAU,14,2043,,,Health,,0.17954561,,,,,,,,,,,,,,,,,,,,,,,,,,
BAU,14,2044,,,Health,,0.18361806,,,,,,,,,,,,,,,,,,,,,,,,,,
BAU,14,2045,,,Health,,0.18772634,,,,,,,,,,,,,,,,,,,,,,,,,,
BAU,14,2046,,,Health,,0.19230662,,,,,,,,,,,,,,,,,,,,,,,,,,
BAU,14,2047,,,Health,,0.19698837,,,,,,,,,,,,,,,,,,,,,,,,,,
BAU,14,2048,,,Health,,0.20169427,,,,,,,,,,,,,,,,,,,,,,,,,,
BAU,14,2049,,,Health,,0.20642608,,,,,,,,,,,,,,,,,,,,,,,,,,
BAU,14,2050,,,Health,,0.21116869,,,,,,,,,,,,,,,,,,,,,,,,,,
BAU,14,2051,,,Health,,0.21548529,,,,,,,,,,,,,,,,,,,,,,,,,,
BAU,14,2052,,,Health,,0.21987558,,,,,,,,,,,,,,,,,,,,,,,,,,
BAU,14,2053,,,Health,,0.22437361,,,,,,,,,,,,,,,,,,,,,,,,,,
BAU,14,2054,,,Health,,0.2289376,,,,,,,,,,,,,,,,,,,,,,,,,,
BAU,14,2055,,,Health,,0.2336021,,,,,,,,,,,,,,,,,,,,,,,,,,
BAU,14,2021,T4DSL_PRI,,Health,,,,0.0038775576,3.8775576,,,,,,,,,,,,,,,,,,,4.7132,,,,
BAU,14,2022,T4DSL_PRI,,Health,,,,0.0043099471,4.3099471,,,,,,,,,,,,,,,,,,,4.9893,,,,
BAU,14,2023,T4DSL_PRI,,Health,,,,0.0045087068,4.5087068,,,,,,,,,,,,,,,,,,,4.9708,,,,
BAU,14,2024,T4DSL_PRI,,Health,,,,0.0045993691,4.5993691,,,,,,,,,,,,,,,,,,,4.8293,,,,
BAU,14,2025,T4DSL_PRI,,Health,,,,0.0046865444,4.6865444,,,,,,,,,,,,,,,,,,,4.6865,,,,
BAU,14,2026,T4DSL_PRI,,Health,,,,0.0050875508,5.0875508,,,,,,,,,,,,,,,,,,,4.8453,,,,
BAU,14,2027,T4DSL_PRI,,Health,,,,0.0054346067,5.4346067,,,,,,,,,,,,,,,,,,,4.9293,,,,
BAU,14,2028,T4DSL_PRI,,Health,,,,0.0057740371,5.7740371,,,,,,,,,,,,,,,,,,,4.9878,,,,
BAU,14,2029,T4DSL_PRI,,Health,,,,0.006185836,6.185836,,,,,,,,,,,,,,,,,,,5.0891,,,,
BAU,14,2030,T4DSL_PRI,,Health,,,,0.0066385316,6.6385316,,,,,,,,,,,,,,,,,,,5.2015,,,,
BAU,14,2031,T4DSL_PRI,,Health,,,,0.0071113803,7.1113803,,,,,,,,,,,,,,,,,,,5.3066,,,,
BAU,14,2032,T4DSL_PRI,,Health,,,,0.0075970055,7.5970055,,,,,,,,,,,,,,,,,,,5.399,,,,
BAU,14,2033,T4DSL_PRI,,Health,,,,0.0080886244,8.0886244,,,,,,,,,,,,,,,,,,,5.4747,,,,
BAU,14,2034,T4DSL_PRI,,Health,,,,0.0085931391,8.5931391,,,,,,,,,,,,,,,,,,,5.5392,,,,
BAU,14,2035,T4DSL_PRI,,Health,,,,0.0091105098,9.1105098,,,,,,,,,,,,,,,,,,,5.5931,,,,
BAU,14,2036,T4DSL_PRI,,Health,,,,0.0096717852,9.6717852,,,,,,,,,,,,,,,,,,,5.6549,,,,
BAU,14,2037,T4DSL_PRI,,Health,,,,0.010680594,10.680594,,,,,,,,,,,,,,,,,,,5.9474,,,,
BAU,14,2038,T4DSL_PRI,,Health,,,,0.011280642,11.280642,,,,,,,,,,,,,,,,,,,5.9824,,,,
BAU,14,2039,T4DSL_PRI,,Health,,,,0.011883303,11.883303,,,,,,,,,,,,,,,,,,,6.0019,,,,
BAU,14,2040,T4DSL_PRI,,Health,,,,0.012505124,12.505124,,,,,,,,,,,,,,,,,,,6.0152,,,,
BAU,14,2041,T4DSL_PRI,,Health,,,,0.012678812,12.678812,,,,,,,,,,,,,,,,,,,5.8083,,,,
BAU,14,2042,T4DSL_PRI,,Health,,,,0.012841841,12.841841,,,,,,,,,,,,,,,,,,,5.6029,,,,
BAU,14,2043,T4DSL_PRI,,Health,,,,0.013011398,13.011398,,,,,,,,,,,,,,,,,,,5.4065,,,,
BAU,14,2044,T4DSL_PRI,,Health,,,,0.013170321,13.170321,,,,,,,,,,,,,,,,,,,5.2119,,,,
BAU,14,2045,T4DSL_PRI,,Health,,,,0.013328916,13.328916,,,,,,,,,,,,,,,,,,,5.0235,,,,
BAU,14,2046,T4DSL_PRI,,Health,,,,0.013538503,13.538503,,,,,,,,,,,,,,,,,,,4.8595,,,,
BAU,14,2047,T4DSL_PRI,,Health,,,,0.013809188,13.809188,,,,,,,,,,,,,,,,,,,4.7207,,,,
BAU,14,2048,T4DSL_PRI,,Health,,,,0.014076311,14.076311,,,,,,,,,,,,,,,,,,,4.5828,,,,
BAU,14,2049,T4DSL_PRI,,Health,,,,0.014345915,14.345915,,,,,,,,,,,,,,,,,,,4.4482,,,,
BAU,14,2050,T4DSL_PRI,,Health,,,,0.014614973,14.614973,,,,,,,,,,,,,,,,,,,4.3158,,,,
BAU,14,2051,T4DSL_PRI,,Health,,,,0.014859649,14.859649,,,,,,,,,,,,,,,,,,,4.1791,,,,
BAU,14,2052,T4DSL_PRI,,Health,,,,0.015114031,15.114031,,,,,,,,,,,,,,,,,,,4.0483,,,,
BAU,14,2053,T4DSL_PRI,,Health,,,,0.015367893,15.367893,,,,,,,,,,,,,,,,,,,3.9203,,,,
BAU,14,2054,T4DSL_PRI,,Health,,,,0.015628025,15.628025,,,,,,,,,,,,,,,,,,,3.7968,,,,
BAU,14,2055,T4DSL_PRI,,Health,,,,0.015894408,15.894408,,,,,,,,,,,,,,,,,,,3.6776,,,,
BAU,14,2021,T4GSL_PRI,,Health,,,,0.019776604,19.776604,,,,,,,,,,,,,,,,,,,24.0386,,,,
BAU,14,2022,T4GSL_PRI,,Health,,,,0.021381868,21.381868,,,,,,,,,,,,,,,,,,,24.7522,,,,
BAU,14,2023,T4GSL_PRI,,Health,,,,0.022379964,22.379964,,,,,,,,,,,,,,,,,,,24.6739,,,,
BAU,14,2024,T4GSL_PRI,,Health,,,,0.022808751,22.808751,,,,,,,,,,,,,,,,,,,23.9492,,,,
BAU,14,2025,T4GSL_PRI,,Health,,,,0.023250644,23.250644,,,,,,,,,,,,,,,,,,,23.2506,,,,
BAU,14,2026,T4GSL_PRI,,Health,,,,0.023611113,23.611113,,,,,,,,,,,,,,,,,,,22.4868,,,,
BAU,14,2027,T4GSL_PRI,,Health,,,,0.023883452,23.883452,,,,,,,,,,,,,,,,,,,21.663,,,,
BAU,14,2028,T4GSL_PRI,,Health,,,,0.024151484,24.151484,,,,,,,,,,,,,,,,,,,20.863,,,,
BAU,14,2029,T4GSL_PRI,,Health,,,,0.024406601,24.406601,,,,,,,,,,,,,,,,,,,20.0794,,,,
BAU,14,2030,T4GSL_PRI,,Health,,,,0.02465126,24.65126,,,,,,,,,,,,,,,,,,,19.3149,,,,
BAU,14,2031,T4GSL_PRI,,Health,,,,0.024926707,24.926707,,,,,,,,,,,,,,,,,,,18.6007,,,,
BAU,14,2032,T4GSL_PRI,,Health,,,,0.025194797,25.194797,,,,,,,,,,,,,,,,,,,17.9055,,,,
BAU,14,2033,T4GSL_PRI,,Health,,,,0.025456975,25.456975,,,,,,,,,,,,,,,,,,,17.2303,,,,
BAU,14,2034,T4GSL_PRI,,Health,,,,0.025710915,25.710915,,,,,,,,,,,,,,,,,,,16.5735,,,,
BAU,14,2035,T4GSL_PRI,,Health,,,,0.025959291,25.959291,,,,,,,,,,,,,,,,,,,15.9368,,,,
BAU,14,2036,T4GSL_PRI,,Health,,,,0.026301827,26.301827,,,,,,,,,,,,,,,,,,,15.3781,,,,
BAU,14,2037,T4GSL_PRI,,Health,,,,0.02658287,26.58287,,,,,,,,,,,,,,,,,,,14.8023,,,,
BAU,14,2038,T4GSL_PRI,,Health,,,,0.026908163,26.908163,,,,,,,,,,,,,,,,,,,14.27,,,,
BAU,14,2039,T4GSL_PRI,,Health,,,,0.027226003,27.226003,,,,,,,,,,,,,,,,,,,13.751,,,,
BAU,14,2040,T4GSL_PRI,,Health,,,,0.027533865,27.533865,,,,,,,,,,,,,,,,,,,13.2443,,,,
BAU,14,2041,T4GSL_PRI,,Health,,,,0.027992879,27.992879,,,,,,,,,,,,,,,,,,,12.8239,,,,
BAU,14,2042,T4GSL_PRI,,Health,,,,0.02844478,28.44478,,,,,,,,,,,,,,,,,,,12.4104,,,,
BAU,14,2043,T4GSL_PRI,,Health,,,,0.028887549,28.887549,,,,,,,,,,,,,,,,,,,12.0034,,,,
BAU,14,2044,T4GSL_PRI,,Health,,,,0.029324087,29.324087,,,,,,,,,,,,,,,,,,,11.6045,,,,
BAU,14,2045,T4GSL_PRI,,Health,,,,0.029753617,29.753617,,,,,,,,,,,,,,,,,,,11.2138,,,,
BAU,14,2046,T4GSL_PRI,,Health,,,,0.030242128,30.242128,,,,,,,,,,,,,,,,,,,10.8552,,,,
BAU,14,2047,T4GSL_PRI,,Health,,,,0.030723141,30.723141,,,,,,,,,,,,,,,,,,,10.5027,,,,
BAU,14,2048,T4GSL_PRI,,Health,,,,0.031196376,31.196376,,,,,,,,,,,,,,,,,,,10.1566,,,,
BAU,14,2049,T4GSL_PRI,,Health,,,,0.031661147,31.661147,,,,,,,,,,,,,,,,,,,9.8171,,,,
BAU,14,2050,T4GSL_PRI,,Health,,,,0.032120909,32.120909,,,,,,,,,,,,,,,,,,,9.4854,,,,
BAU,14,2051,T4GSL_PRI,,Health,,,,0.032665551,32.665551,,,,,,,,,,,,,,,,,,,9.1869,,,,
BAU,14,2052,T4GSL_PRI,,Health,,,,0.033220652,33.220652,,,,,,,,,,,,,,,,,,,8.8981,,,,
BAU,14,2053,T4GSL_PRI,,Health,,,,0.033784543,33.784543,,,,,,,,,,,,,,,,,,,8.6182,,,,
BAU,14,2054,T4GSL_PRI,,Health,,,,0.034357068,34.357068,,,,,,,,,,,,,,,,,,,8.3469,,,,
BAU,14,2055,T4GSL_PRI,,Health,,,,0.034939289,34.939289,,,,,,,,,,,,,,,,,,,8.0842,,,,
BAU,14,2021,T4GSL_PUB,,Health,,,,0.0033031732,3.3031732,,,,,,,,,,,,,,,,,,,4.015,,,,
BAU,14,2022,T4GSL_PUB,,Health,,,,0.0035741569,3.5741569,,,,,,,,,,,,,,,,,,,4.1375,,,,
BAU,14,2023,T4GSL_PUB,,Health,,,,0.0037404329,3.7404329,,,,,,,,,,,,,,,,,,,4.1238,,,,
BAU,14,2024,T4GSL_PUB,,Health,,,,0.0038129889,3.8129889,,,,,,,,,,,,,,,,,,,4.0036,,,,
BAU,14,2025,T4GSL_PUB,,Health,,,,0.0038866343,3.8866343,,,,,,,,,,,,,,,,,,,3.8866,,,,
BAU,14,2026,T4GSL_PUB,,Health,,,,0.0039530242,3.9530242,,,,,,,,,,,,,,,,,,,3.7648,,,,
BAU,14,2027,T4GSL_PUB,,Health,,,,0.0040003676,4.0003676,,,,,,,,,,,,,,,,,,,3.6285,,,,
BAU,14,2028,T4GSL_PUB,,Health,,,,0.0040500375,4.0500375,,,,,,,,,,,,,,,,,,,3.4986,,,,
BAU,14,2029,T4GSL_PUB,,Health,,,,0.0040997297,4.0997297,,,,,,,,,,,,,,,,,,,3.3729,,,,
BAU,14,2030,T4GSL_PUB,,Health,,,,0.0041485832,4.1485832,,,,,,,,,,,,,,,,,,,3.2505,,,,
BAU,14,2031,T4GSL_PUB,,Health,,,,0.0042017549,4.2017549,,,,,,,,,,,,,,,,,,,3.1354,,,,
BAU,14,2032,T4GSL_PUB,,Health,,,,0.0042555983,4.2555983,,,,,,,,,,,,,,,,,,,3.0244,,,,
BAU,14,2033,T4GSL_PUB,,Health,,,,0.004307301,4.307301,,,,,,,,,,,,,,,,,,,2.9154,,,,
BAU,14,2034,T4GSL_PUB,,Health,,,,0.0043587195,4.3587195,,,,,,,,,,,,,,,,,,,2.8097,,,,
BAU,14,2035,T4GSL_PUB,,Health,,,,0.0044084882,4.4084882,,,,,,,,,,,,,,,,,,,2.7064,,,,
BAU,14,2036,T4GSL_PUB,,Health,,,,0.0044759293,4.4759293,,,,,,,,,,,,,,,,,,,2.617,,,,
BAU,14,2037,T4GSL_PUB,,Health,,,,0.0045410773,4.5410773,,,,,,,,,,,,,,,,,,,2.5286,,,,
BAU,14,2038,T4GSL_PUB,,Health,,,,0.004605201,4.605201,,,,,,,,,,,,,,,,,,,2.4422,,,,
BAU,14,2039,T4GSL_PUB,,Health,,,,0.0046698373,4.6698373,,,,,,,,,,,,,,,,,,,2.3586,,,,
BAU,14,2040,T4GSL_PUB,,Health,,,,0.0047318412,4.7318412,,,,,,,,,,,,,,,,,,,2.2761,,,,
BAU,14,2041,T4GSL_PUB,,Health,,,,0.0048118041,4.8118041,,,,,,,,,,,,,,,,,,,2.2043,,,,
BAU,14,2042,T4GSL_PUB,,Health,,,,0.0048908843,4.8908843,,,,,,,,,,,,,,,,,,,2.1339,,,,
BAU,14,2043,T4GSL_PUB,,Health,,,,0.0049683227,4.9683227,,,,,,,,,,,,,,,,,,,2.0644,,,,
BAU,14,2044,T4GSL_PUB,,Health,,,,0.005045324,5.045324,,,,,,,,,,,,,,,,,,,1.9966,,,,
BAU,14,2045,T4GSL_PUB,,Health,,,,0.0051211916,5.1211916,,,,,,,,,,,,,,,,,,,1.9301,,,,
BAU,14,2046,T4GSL_PUB,,Health,,,,0.005205957,5.205957,,,,,,,,,,,,,,,,,,,1.8686,,,,
BAU,14,2047,T4GSL_PUB,,Health,,,,0.0052906654,5.2906654,,,,,,,,,,,,,,,,,,,1.8086,,,,
BAU,14,2048,T4GSL_PUB,,Health,,,,0.0053731604,5.3731604,,,,,,,,,,,,,,,,,,,1.7493,,,,
BAU,14,2049,T4GSL_PUB,,Health,,,,0.0054546394,5.4546394,,,,,,,,,,,,,,,,,,,1.6913,,,,
BAU,14,2050,T4GSL_PUB,,Health,,,,0.0055351006,5.5351006,,,,,,,,,,,,,,,,,,,1.6345,,,,
BAU,14,2051,T4GSL_PUB,,Health,,,,0.0056298694,5.6298694,,,,,,,,,,,,,,,,,,,1.5833,,,,
BAU,14,2052,T4GSL_PUB,,Health,,,,0.0057253517,5.7253517,,,,,,,,,,,,,,,,,,,1.5335,,,,
BAU,14,2053,T4GSL_PUB,,Health,,,,0.0058222823,5.8222823,,,,,,,,,,,,,,,,,,,1.4852,,,,
BAU,14,2054,T4GSL_PUB,,Health,,,,0.0059208643,5.9208643,,,,,,,,,,,,,,,,,,,1.4385,,,,
BAU,14,2055,T4GSL_PUB,,Health,,,,0.0060211194,6.0211194,,,,,,,,,,,,,,,,,,,1.3932,,,,
BAU,14,2021,T4DSL_PUB,,Health,,,,0.0044620838,4.4620838,,,,,,,,,,,,,,,,,,,5.4237,,,,
BAU,14,2022,T4DSL_PUB,,Health,,,,0.0048253407,4.8253407,,,,,,,,,,,,,,,,,,,5.5859,,,,
BAU,14,2023,T4DSL_PUB,,Health,,,,0.0050533423,5.0533423,,,,,,,,,,,,,,,,,,,5.5713,,,,
BAU,14,2024,T4DSL_PUB,,Health,,,,0.0051468585,5.1468585,,,,,,,,,,,,,,,,,,,5.4042,,,,
BAU,14,2025,T4DSL_PUB,,Health,,,,0.005250249,5.250249,,,,,,,,,,,,,,,,,,,5.2502,,,,
BAU,14,2026,T4DSL_PUB,,Health,,,,0.0053382461,5.3382461,,,,,,,,,,,,,,,,,,,5.084,,,,
BAU,14,2027,T4DSL_PUB,,Health,,,,0.005450497,5.450497,,,,,,,,,,,,,,,,,,,4.9438,,,,
BAU,14,2028,T4DSL_PUB,,Health,,,,0.0055245125,5.5245125,,,,,,,,,,,,,,,,,,,4.7723,,,,
BAU,14,2029,T4DSL_PUB,,Health,,,,0.0055893025,5.5893025,,,,,,,,,,,,,,,,,,,4.5983,,,,
BAU,14,2030,T4DSL_PUB,,Health,,,,0.0056572562,5.6572562,,,,,,,,,,,,,,,,,,,4.4326,,,,
BAU,14,2031,T4DSL_PUB,,Health,,,,0.0057358589,5.7358589,,,,,,,,,,,,,,,,,,,4.2802,,,,
BAU,14,2032,T4DSL_PUB,,Health,,,,0.0058114175,5.8114175,,,,,,,,,,,,,,,,,,,4.1301,,,,
BAU,14,2033,T4DSL_PUB,,Health,,,,0.0058926025,5.8926025,,,,,,,,,,,,,,,,,,,3.9883,,,,
BAU,14,2034,T4DSL_PUB,,Health,,,,0.0059628314,5.9628314,,,,,,,,,,,,,,,,,,,3.8437,,,,
BAU,14,2035,T4DSL_PUB,,Health,,,,0.0060389069,6.0389069,,,,,,,,,,,,,,,,,,,3.7074,,,,
BAU,14,2036,T4DSL_PUB,,Health,,,,0.0061327016,6.1327016,,,,,,,,,,,,,,,,,,,3.5857,,,,
BAU,14,2037,T4DSL_PUB,,Health,,,,0.0062278925,6.2278925,,,,,,,,,,,,,,,,,,,3.4679,,,,
BAU,14,2038,T4DSL_PUB,,Health,,,,0.0063217496,6.3217496,,,,,,,,,,,,,,,,,,,3.3526,,,,
BAU,14,2039,T4DSL_PUB,,Health,,,,0.0064128105,6.4128105,,,,,,,,,,,,,,,,,,,3.2389,,,,
BAU,14,2040,T4DSL_PUB,,Health,,,,0.0064926936,6.4926936,,,,,,,,,,,,,,,,,,,3.1231,,,,
BAU,14,2041,T4DSL_PUB,,Health,,,,0.0065891803,6.5891803,,,,,,,,,,,,,,,,,,,3.0186,,,,
BAU,14,2042,T4DSL_PUB,,Health,,,,0.0066688971,6.6688971,,,,,,,,,,,,,,,,,,,2.9096,,,,
BAU,14,2043,T4DSL_PUB,,Health,,,,0.0067561607,6.7561607,,,,,,,,,,,,,,,,,,,2.8073,,,,
BAU,14,2044,T4DSL_PUB,,Health,,,,0.0068283535,6.8283535,,,,,,,,,,,,,,,,,,,2.7022,,,,
BAU,14,2045,T4DSL_PUB,,Health,,,,0.0069088403,6.9088403,,,,,,,,,,,,,,,,,,,2.6039,,,,
BAU,14,2046,T4DSL_PUB,,Health,,,,0.007020372,7.020372,,,,,,,,,,,,,,,,,,,2.5199,,,,
BAU,14,2047,T4DSL_PUB,,Health,,,,0.0071523318,7.1523318,,,,,,,,,,,,,,,,,,,2.445,,,,
BAU,14,2048,T4DSL_PUB,,Health,,,,0.0072901225,7.2901225,,,,,,,,,,,,,,,,,,,2.3735,,,,
BAU,14,2049,T4DSL_PUB,,Health,,,,0.0074350734,7.4350734,,,,,,,,,,,,,,,,,,,2.3054,,,,
BAU,14,2050,T4DSL_PUB,,Health,,,,0.0075663226,7.5663226,,,,,,,,,,,,,,,,,,,2.2344,,,,
BAU,14,2051,T4DSL_PUB,,Health,,,,0.0077108228,7.7108228,,,,,,,,,,,,,,,,,,,2.1686,,,,
BAU,14,2052,T4DSL_PUB,,Health,,,,0.0078294763,7.8294763,,,,,,,,,,,,,,,,,,,2.0971,,,,
BAU,14,2053,T4DSL_PUB,,Health,,,,0.0079734082,7.9734082,,,,,,,,,,,,,,,,,,,2.034,,,,
BAU,14,2054,T4DSL_PUB,,Health,,,,0.0080975064,8.0975064,,,,,,,,,,,,,,,,,,,1.9673,,,,
BAU,14,2055,T4DSL_PUB,,Health,,,,0.0082274216,8.2274216,,,,,,,,,,,,,,,,,,,1.9036,,,,
BAU,14,2021,T4DSL_HEA,,Health,,,,0.072846232,72.846232,,,,,,,,,,,,,,,,,,,88.5451,,,,
BAU,14,2022,T4DSL_HEA,,Health,,,,0.078812592,78.812592,,,,,,,,,,,,,,,,,,,91.2354,,,,
BAU,14,2023,T4DSL_HEA,,Health,,,,0.08248846,82.48846,,,,,,,,,,,,,,,,,,,90.9435,,,,
BAU,14,2024,T4DSL_HEA,,Health,,,,0.084077027,84.077027,,,,,,,,,,,,,,,,,,,88.2809,,,,
BAU,14,2025,T4DSL_HEA,,Health,,,,0.085702536,85.702536,,,,,,,,,,,,,,,,,,,85.7025,,,,
BAU,14,2026,T4DSL_HEA,,Health,,,,0.086533763,86.533763,,,,,,,,,,,,,,,,,,,82.4131,,,,
BAU,14,2027,T4DSL_HEA,,Health,,,,0.086519833,86.519833,,,,,,,,,,,,,,,,,,,78.476,,,,
BAU,14,2028,T4DSL_HEA,,Health,,,,0.087347725,87.347725,,,,,,,,,,,,,,,,,,,75.4542,,,,
BAU,14,2029,T4DSL_HEA,,Health,,,,0.088144589,88.144589,,,,,,,,,,,,,,,,,,,72.5168,,,,
BAU,14,2030,T4DSL_HEA,,Health,,,,0.08891388,88.91388,,,,,,,,,,,,,,,,,,,69.6664,,,,
BAU,14,2031,T4DSL_HEA,,Health,,,,0.089828637,89.828637,,,,,,,,,,,,,,,,,,,67.0315,,,,
BAU,14,2032,T4DSL_HEA,,Health,,,,0.090710889,90.710889,,,,,,,,,,,,,,,,,,,64.4665,,,,
BAU,14,2033,T4DSL_HEA,,Health,,,,0.091548489,91.548489,,,,,,,,,,,,,,,,,,,61.9636,,,,
BAU,14,2034,T4DSL_HEA,,Health,,,,0.092366003,92.366003,,,,,,,,,,,,,,,,,,,59.5399,,,,
BAU,14,2035,T4DSL_HEA,,Health,,,,0.093146645,93.146645,,,,,,,,,,,,,,,,,,,57.184,,,,
BAU,14,2036,T4DSL_HEA,,Health,,,,0.09425964,94.25964,,,,,,,,,,,,,,,,,,,55.1117,,,,
BAU,14,2037,T4DSL_HEA,,Health,,,,0.095333786,95.333786,,,,,,,,,,,,,,,,,,,53.0854,,,,
BAU,14,2038,T4DSL_HEA,,Health,,,,0.096357013,96.357013,,,,,,,,,,,,,,,,,,,51.1002,,,,
BAU,14,2039,T4DSL_HEA,,Health,,,,0.097353786,97.353786,,,,,,,,,,,,,,,,,,,49.1703,,,,
BAU,14,2040,T4DSL_HEA,,Health,,,,0.098299873,98.299873,,,,,,,,,,,,,,,,,,,47.2839,,,,
BAU,14,2041,T4DSL_HEA,,Health,,,,0.10124273,101.24273,,,,,,,,,,,,,,,,,,,46.3805,,,,
BAU,14,2042,T4DSL_HEA,,Health,,,,0.10420247,104.20247,,,,,,,,,,,,,,,,,,,45.4632,,,,
BAU,14,2043,T4DSL_HEA,,Health,,,,0.10720483,107.20483,,,,,,,,,,,,,,,,,,,44.5458,,,,
BAU,14,2044,T4DSL_HEA,,Health,,,,0.11023151,110.23151,,,,,,,,,,,,,,,,,,,43.6224,,,,
BAU,14,2045,T4DSL_HEA,,Health,,,,0.11330057,113.30057,,,,,,,,,,,,,,,,,,,42.7018,,,,
BAU,14,2046,T4DSL_HEA,,Health,,,,0.11664747,116.64747,,,,,,,,,,,,,,,,,,,41.8697,,,,
BAU,14,2047,T4DSL_HEA,,Health,,,,0.12003191,120.03191,,,,,,,,,,,,,,,,,,,41.0329,,,,
BAU,14,2048,T4DSL_HEA,,Health,,,,0.12344997,123.44997,,,,,,,,,,,,,,,,,,,40.1918,,,,
BAU,14,2049,T4DSL_HEA,,Health,,,,0.12690339,126.90339,,,,,,,,,,,,,,,,,,,39.3487,,,,
BAU,14,2050,T4DSL_HEA,,Health,,,,0.13039205,130.39205,,,,,,,,,,,,,,,,,,,38.5051,,,,
BAU,14,2051,T4DSL_HEA,,Health,,,,0.13322439,133.22439,,,,,,,,,,,,,,,,,,,37.4681,,,,
BAU,14,2052,T4DSL_HEA,,Health,,,,0.13612311,136.12311,,,,,,,,,,,,,,,,,,,36.4603,,,,
BAU,14,2053,T4DSL_HEA,,Health,,,,0.13909022,139.09022,,,,,,,,,,,,,,,,,,,35.481,,,,
BAU,14,2054,T4DSL_HEA,,Health,,,,0.1421091,142.1091,,,,,,,,,,,,,,,,,,,34.5249,,,,
BAU,14,2055,T4DSL_HEA,,Health,,,,0.14519974,145.19974,,,,,,,,,,,,,,,,,,,33.5959,,,,
BAU,14,2021,T4DSL_LIG,,Health,,,,0.0089419565,8.9419565,,,,,,,,,,,,,,,,,,,10.869,,,,
BAU,14,2022,T4DSL_LIG,,Health,,,,0.0096729366,9.6729366,,,,,,,,,,,,,,,,,,,11.1976,,,,
BAU,14,2023,T4DSL_LIG,,Health,,,,0.010120954,10.120954,,,,,,,,,,,,,,,,,,,11.1584,,,,
BAU,14,2024,T4DSL_LIG,,Health,,,,0.010322066,10.322066,,,,,,,,,,,,,,,,,,,10.8382,,,,
BAU,14,2025,T4DSL_LIG,,Health,,,,0.010519737,10.519737,,,,,,,,,,,,,,,,,,,10.5197,,,,
BAU,14,2026,T4DSL_LIG,,Health,,,,0.010833423,10.833423,,,,,,,,,,,,,,,,,,,10.3175,,,,
BAU,14,2027,T4DSL_LIG,,Health,,,,0.011245907,11.245907,,,,,,,,,,,,,,,,,,,10.2004,,,,
BAU,14,2028,T4DSL_LIG,,Health,,,,0.011581952,11.581952,,,,,,,,,,,,,,,,,,,10.0049,,,,
BAU,14,2029,T4DSL_LIG,,Health,,,,0.011921081,11.921081,,,,,,,,,,,,,,,,,,,9.8075,,,,
BAU,14,2030,T4DSL_LIG,,Health,,,,0.012263399,12.263399,,,,,,,,,,,,,,,,,,,9.6087,,,,
BAU,14,2031,T4DSL_LIG,,Health,,,,0.012638549,12.638549,,,,,,,,,,,,,,,,,,,9.4311,,,,
BAU,14,2032,T4DSL_LIG,,Health,,,,0.013015464,13.015464,,,,,,,,,,,,,,,,,,,9.2498,,,,
BAU,14,2033,T4DSL_LIG,,Health,,,,0.013399799,13.399799,,,,,,,,,,,,,,,,,,,9.0695,,,,
BAU,14,2034,T4DSL_LIG,,Health,,,,0.013788514,13.788514,,,,,,,,,,,,,,,,,,,8.8882,,,,
BAU,14,2035,T4DSL_LIG,,Health,,,,0.014183326,14.183326,,,,,,,,,,,,,,,,,,,8.7073,,,,
BAU,14,2036,T4DSL_LIG,,Health,,,,0.014636931,14.636931,,,,,,,,,,,,,,,,,,,8.5579,,,,
BAU,14,2037,T4DSL_LIG,,Health,,,,0.015099628,15.099628,,,,,,,,,,,,,,,,,,,8.408,,,,
BAU,14,2038,T4DSL_LIG,,Health,,,,0.015571391,15.571391,,,,,,,,,,,,,,,,,,,8.2578,,,,
BAU,14,2039,T4DSL_LIG,,Health,,,,0.016047686,16.047686,,,,,,,,,,,,,,,,,,,8.1052,,,,
BAU,14,2040,T4DSL_LIG,,Health,,,,0.016531243,16.531243,,,,,,,,,,,,,,,,,,,7.9518,,,,
BAU,14,2041,T4DSL_LIG,,Health,,,,0.016798353,16.798353,,,,,,,,,,,,,,,,,,,7.6955,,,,
BAU,14,2042,T4DSL_LIG,,Health,,,,0.017058983,17.058983,,,,,,,,,,,,,,,,,,,7.4428,,,,
BAU,14,2043,T4DSL_LIG,,Health,,,,0.017312201,17.312201,,,,,,,,,,,,,,,,,,,7.1936,,,,
BAU,14,2044,T4DSL_LIG,,Health,,,,0.017562357,17.562357,,,,,,,,,,,,,,,,,,,6.95,,,,
BAU,14,2045,T4DSL_LIG,,Health,,,,0.017804221,17.804221,,,,,,,,,,,,,,,,,,,6.7102,,,,
BAU,14,2046,T4DSL_LIG,,Health,,,,0.018087379,18.087379,,,,,,,,,,,,,,,,,,,6.4923,,,,
BAU,14,2047,T4DSL_LIG,,Health,,,,0.018359092,18.359092,,,,,,,,,,,,,,,,,,,6.2761,,,,
BAU,14,2048,T4DSL_LIG,,Health,,,,0.018628168,18.628168,,,,,,,,,,,,,,,,,,,6.0648,,,,
BAU,14,2049,T4DSL_LIG,,Health,,,,0.018886219,18.886219,,,,,,,,,,,,,,,,,,,5.856,,,,
BAU,14,2050,T4DSL_LIG,,Health,,,,0.019138714,19.138714,,,,,,,,,,,,,,,,,,,5.6517,,,,
BAU,14,2051,T4DSL_LIG,,Health,,,,0.019555259,19.555259,,,,,,,,,,,,,,,,,,,5.4997,,,,
BAU,14,2052,T4DSL_LIG,,Health,,,,0.01998367,19.98367,,,,,,,,,,,,,,,,,,,5.3526,,,,
BAU,14,2053,T4DSL_LIG,,Health,,,,0.020414531,20.414531,,,,,,,,,,,,,,,,,,,5.2076,,,,
BAU,14,2054,T4DSL_LIG,,Health,,,,0.020863411,20.863411,,,,,,,,,,,,,,,,,,,5.0687,,,,
BAU,14,2055,T4DSL_LIG,,Health,,,,0.021315181,21.315181,,,,,,,,,,,,,,,,,,,4.9319,,,,
BAU,14,2021,T4GSL_LIG,,Health,,,,0.0010055324,1.0055324,,,,,,,,,,,,,,,,,,,1.2222,,,,
BAU,14,2022,T4GSL_LIG,,Health,,,,0.0010881647,1.0881647,,,,,,,,,,,,,,,,,,,1.2597,,,,
BAU,14,2023,T4GSL_LIG,,Health,,,,0.0011392935,1.1392935,,,,,,,,,,,,,,,,,,,1.2561,,,,
BAU,14,2024,T4GSL_LIG,,Health,,,,0.001160468,1.160468,,,,,,,,,,,,,,,,,,,1.2185,,,,
BAU,14,2025,T4GSL_LIG,,Health,,,,0.0011831919,1.1831919,,,,,,,,,,,,,,,,,,,1.1832,,,,
BAU,14,2026,T4GSL_LIG,,Health,,,,0.0011899058,1.1899058,,,,,,,,,,,,,,,,,,,1.1332,,,,
BAU,14,2027,T4GSL_LIG,,Health,,,,0.0011846617,1.1846617,,,,,,,,,,,,,,,,,,,1.0745,,,,
BAU,14,2028,T4GSL_LIG,,Health,,,,0.0011902505,1.1902505,,,,,,,,,,,,,,,,,,,1.0282,,,,
BAU,14,2029,T4GSL_LIG,,Health,,,,0.0011953118,1.1953118,,,,,,,,,,,,,,,,,,,0.9834,,,,
BAU,14,2030,T4GSL_LIG,,Health,,,,0.0012003614,1.2003614,,,,,,,,,,,,,,,,,,,0.9405,,,,
BAU,14,2031,T4GSL_LIG,,Health,,,,0.0012069414,1.2069414,,,,,,,,,,,,,,,,,,,0.9006,,,,
BAU,14,2032,T4GSL_LIG,,Health,,,,0.0012129661,1.2129661,,,,,,,,,,,,,,,,,,,0.862,,,,
BAU,14,2033,T4GSL_LIG,,Health,,,,0.0012179783,1.2179783,,,,,,,,,,,,,,,,,,,0.8244,,,,
BAU,14,2034,T4GSL_LIG,,Health,,,,0.0012224663,1.2224663,,,,,,,,,,,,,,,,,,,0.788,,,,
BAU,14,2035,T4GSL_LIG,,Health,,,,0.0012264315,1.2264315,,,,,,,,,,,,,,,,,,,0.7529,,,,
BAU,14,2036,T4GSL_LIG,,Health,,,,0.0012344798,1.2344798,,,,,,,,,,,,,,,,,,,0.7218,,,,
BAU,14,2037,T4GSL_LIG,,Health,,,,0.0012414884,1.2414884,,,,,,,,,,,,,,,,,,,0.6913,,,,
BAU,14,2038,T4GSL_LIG,,Health,,,,0.0012474603,1.2474603,,,,,,,,,,,,,,,,,,,0.6616,,,,
BAU,14,2039,T4GSL_LIG,,Health,,,,0.0012529084,1.2529084,,,,,,,,,,,,,,,,,,,0.6328,,,,
BAU,14,2040,T4GSL_LIG,,Health,,,,0.0012573247,1.2573247,,,,,,,,,,,,,,,,,,,0.6048,,,,
BAU,14,2041,T4GSL_LIG,,Health,,,,0.0013055191,1.3055191,,,,,,,,,,,,,,,,,,,0.5981,,,,
BAU,14,2042,T4GSL_LIG,,Health,,,,0.0013551456,1.3551456,,,,,,,,,,,,,,,,,,,0.5912,,,,
BAU,14,2043,T4GSL_LIG,,Health,,,,0.0014051516,1.4051516,,,,,,,,,,,,,,,,,,,0.5839,,,,
BAU,14,2044,T4GSL_LIG,,Health,,,,0.0014561058,1.4561058,,,,,,,,,,,,,,,,,,,0.5762,,,,
BAU,14,2045,T4GSL_LIG,,Health,,,,0.0015089891,1.5089891,,,,,,,,,,,,,,,,,,,0.5687,,,,
BAU,14,2046,T4GSL_LIG,,Health,,,,0.0015648091,1.5648091,,,,,,,,,,,,,,,,,,,0.5617,,,,
BAU,14,2047,T4GSL_LIG,,Health,,,,0.0016220384,1.6220384,,,,,,,,,,,,,,,,,,,0.5545,,,,
BAU,14,2048,T4GSL_LIG,,Health,,,,0.0016801668,1.6801668,,,,,,,,,,,,,,,,,,,0.547,,,,
BAU,14,2049,T4GSL_LIG,,Health,,,,0.0017396967,1.7396967,,,,,,,,,,,,,,,,,,,0.5394,,,,
BAU,14,2050,T4GSL_LIG,,Health,,,,0.0018006238,1.8006238,,,,,,,,,,,,,,,,,,,0.5317,,,,
BAU,14,2051,T4GSL_LIG,,Health,,,,0.0018397451,1.8397451,,,,,,,,,,,,,,,,,,,0.5174,,,,
BAU,14,2052,T4GSL_LIG,,Health,,,,0.0018792918,1.8792918,,,,,,,,,,,,,,,,,,,0.5034,,,,
BAU,14,2053,T4GSL_LIG,,Health,,,,0.0019207283,1.9207283,,,,,,,,,,,,,,,,,,,0.49,,,,
BAU,14,2054,T4GSL_LIG,,Health,,,,0.0019616217,1.9616217,,,,,,,,,,,,,,,,,,,0.4766,,,,
BAU,14,2055,T4GSL_LIG,,Health,,,,0.0020049446,2.0049446,,,,,,,,,,,,,,,,,,,0.4639,,,,
BAU,14,2021,,E6TDPASPRI,,,,,,,,,,8.5024,,,,,,,,,,,,,,,,,,,
BAU,14,2022,,E6TDPASPRI,,,,,,,,,,9.1986,,,,,,,,,,,,,,,,,,,
BAU,14,2023,,E6TDPASPRI,,,,,,,,,,9.6278,,,,,,,,,,,,,,,,,,,
BAU,14,2024,,E6TDPASPRI,,,,,,,,,,9.8126,,,,,,,,,,,,,,,,,,,
BAU,14,2025,,E6TDPASPRI,,,,,,,,,,10.0026,,,,,,,,,,,,,,,,,,,
BAU,14,2026,,E6TDPASPRI,,,,,,,,,,10.1952,,,,,,,,,,,,,,,,,,,
BAU,14,2027,,E6TDPASPRI,,,,,,,,,,10.358,,,,,,,,,,,,,,,,,,,
BAU,14,2028,,E6TDPASPRI,,,,,,,,,,10.5198,,,,,,,,,,,,,,,,,,,
BAU,14,2029,,E6TDPASPRI,,,,,,,,,,10.6805,,,,,,,,,,,,,,,,,,,
BAU,14,2030,,E6TDPASPRI,,,,,,,,,,10.84,,,,,,,,,,,,,,,,,,,
BAU,14,2031,,E6TDPASPRI,,,,,,,,,,11.0202,,,,,,,,,,,,,,,,,,,
BAU,14,2032,,E6TDPASPRI,,,,,,,,,,11.1991,,,,,,,,,,,,,,,,,,,
BAU,14,2033,,E6TDPASPRI,,,,,,,,,,11.3769,,,,,,,,,,,,,,,,,,,
BAU,14,2034,,E6TDPASPRI,,,,,,,,,,11.5535,,,,,,,,,,,,,,,,,,,
BAU,14,2035,,E6TDPASPRI,,,,,,,,,,11.7289,,,,,,,,,,,,,,,,,,,
BAU,14,2036,,E6TDPASPRI,,,,,,,,,,11.9493,,,,,,,,,,,,,,,,,,,
BAU,14,2037,,E6TDPASPRI,,,,,,,,,,12.1684,,,,,,,,,,,,,,,,,,,
BAU,14,2038,,E6TDPASPRI,,,,,,,,,,12.3858,,,,,,,,,,,,,,,,,,,
BAU,14,2039,,E6TDPASPRI,,,,,,,,,,12.6017,,,,,,,,,,,,,,,,,,,
BAU,14,2040,,E6TDPASPRI,,,,,,,,,,12.8162,,,,,,,,,,,,,,,,,,,
BAU,14,2041,,E6TDPASPRI,,,,,,,,,,13.0741,,,,,,,,,,,,,,,,,,,
BAU,14,2042,,E6TDPASPRI,,,,,,,,,,13.3303,,,,,,,,,,,,,,,,,,,
BAU,14,2043,,E6TDPASPRI,,,,,,,,,,13.5847,,,,,,,,,,,,,,,,,,,
BAU,14,2044,,E6TDPASPRI,,,,,,,,,,13.8372,,,,,,,,,,,,,,,,,,,
BAU,14,2045,,E6TDPASPRI,,,,,,,,,,14.088,,,,,,,,,,,,,,,,,,,
BAU,14,2046,,E6TDPASPRI,,,,,,,,,,14.3691,,,,,,,,,,,,,,,,,,,
BAU,14,2047,,E6TDPASPRI,,,,,,,,,,14.6482,,,,,,,,,,,,,,,,,,,
BAU,14,2048,,E6TDPASPRI,,,,,,,,,,14.9253,,,,,,,,,,,,,,,,,,,
BAU,14,2049,,E6TDPASPRI,,,,,,,,,,15.2005,,,,,,,,,,,,,,,,,,,
BAU,14,2050,,E6TDPASPRI,,,,,,,,,,15.4738,,,,,,,,,,,,,,,,,,,
BAU,14,2051,,E6TDPASPRI,,,,,,,,,,15.7518,,,,,,,,,,,,,,,,,,,
BAU,14,2052,,E6TDPASPRI,,,,,,,,,,16.0345,,,,,,,,,,,,,,,,,,,
BAU,14,2053,,E6TDPASPRI,,,,,,,,,,16.3223,,,,,,,,,,,,,,,,,,,
BAU,14,2054,,E6TDPASPRI,,,,,,,,,,16.615,,,,,,,,,,,,,,,,,,,
BAU,14,2055,,E6TDPASPRI,,,,,,,,,,16.9129,,,,,,,,,,,,,,,,,,,
BAU,14,2021,,E6TDPASPUB,,,,,,,,,,0.8046,,,,,,,,,,,,,,,,,,,
BAU,14,2022,,E6TDPASPUB,,,,,,,,,,0.8705,,,,,,,,,,,,,,,,,,,
BAU,14,2023,,E6TDPASPUB,,,,,,,,,,0.9111,,,,,,,,,,,,,,,,,,,
BAU,14,2024,,E6TDPASPUB,,,,,,,,,,0.9286,,,,,,,,,,,,,,,,,,,
BAU,14,2025,,E6TDPASPUB,,,,,,,,,,0.9466,,,,,,,,,,,,,,,,,,,
BAU,14,2026,,E6TDPASPUB,,,,,,,,,,0.9648,,,,,,,,,,,,,,,,,,,
BAU,14,2027,,E6TDPASPUB,,,,,,,,,,0.9802,,,,,,,,,,,,,,,,,,,
BAU,14,2028,,E6TDPASPUB,,,,,,,,,,0.9955,,,,,,,,,,,,,,,,,,,
BAU,14,2029,,E6TDPASPUB,,,,,,,,,,1.0107,,,,,,,,,,,,,,,,,,,
BAU,14,2030,,E6TDPASPUB,,,,,,,,,,1.0258,,,,,,,,,,,,,,,,,,,
BAU,14,2031,,E6TDPASPUB,,,,,,,,,,1.0428,,,,,,,,,,,,,,,,,,,
BAU,14,2032,,E6TDPASPUB,,,,,,,,,,1.0598,,,,,,,,,,,,,,,,,,,
BAU,14,2033,,E6TDPASPUB,,,,,,,,,,1.0766,,,,,,,,,,,,,,,,,,,
BAU,14,2034,,E6TDPASPUB,,,,,,,,,,1.0934,,,,,,,,,,,,,,,,,,,
BAU,14,2035,,E6TDPASPUB,,,,,,,,,,1.1099,,,,,,,,,,,,,,,,,,,
BAU,14,2036,,E6TDPASPUB,,,,,,,,,,1.1308,,,,,,,,,,,,,,,,,,,
BAU,14,2037,,E6TDPASPUB,,,,,,,,,,1.1515,,,,,,,,,,,,,,,,,,,
BAU,14,2038,,E6TDPASPUB,,,,,,,,,,1.1721,,,,,,,,,,,,,,,,,,,
BAU,14,2039,,E6TDPASPUB,,,,,,,,,,1.1925,,,,,,,,,,,,,,,,,,,
BAU,14,2040,,E6TDPASPUB,,,,,,,,,,1.2128,,,,,,,,,,,,,,,,,,,
BAU,14,2041,,E6TDPASPUB,,,,,,,,,,1.2373,,,,,,,,,,,,,,,,,,,
BAU,14,2042,,E6TDPASPUB,,,,,,,,,,1.2614,,,,,,,,,,,,,,,,,,,
BAU,14,2043,,E6TDPASPUB,,,,,,,,,,1.2855,,,,,,,,,,,,,,,,,,,
BAU,14,2044,,E6TDPASPUB,,,,,,,,,,1.3094,,,,,,,,,,,,,,,,,,,
BAU,14,2045,,E6TDPASPUB,,,,,,,,,,1.3332,,,,,,,,,,,,,,,,,,,
BAU,14,2046,,E6TDPASPUB,,,,,,,,,,1.3598,,,,,,,,,,,,,,,,,,,
BAU,14,2047,,E6TDPASPUB,,,,,,,,,,1.3862,,,,,,,,,,,,,,,,,,,
BAU,14,2048,,E6TDPASPUB,,,,,,,,,,1.4124,,,,,,,,,,,,,,,,,,,
BAU,14,2049,,E6TDPASPUB,,,,,,,,,,1.4384,,,,,,,,,,,,,,,,,,,
BAU,14,2050,,E6TDPASPUB,,,,,,,,,,1.4643,,,,,,,,,,,,,,,,,,,
BAU,14,2051,,E6TDPASPUB,,,,,,,,,,1.4906,,,,,,,,,,,,,,,,,,,
BAU,14,2052,,E6TDPASPUB,,,,,,,,,,1.5174,,,,,,,,,,,,,,,,,,,
BAU,14,2053,,E6TDPASPUB,,,,,,,,,,1.5446,,,,,,,,,,,,,,,,,,,
BAU,14,2054,,E6TDPASPUB,,,,,,,,,,1.5723,,,,,,,,,,,,,,,,,,,
BAU,14,2055,,E6TDPASPUB,,,,,,,,,,1.6005,,,,,,,,,,,,,,,,,,,
BAU,14,2021,,E6TDFREHEA,,,,,,,,,,13.3641,,,,,,,,,,,,,,,,,,,
BAU,14,2022,,E6TDFREHEA,,,,,,,,,,14.4584,,,,,,,,,,,,,,,,,,,
BAU,14,2023,,E6TDFREHEA,,,,,,,,,,15.133,,,,,,,,,,,,,,,,,,,
BAU,14,2024,,E6TDFREHEA,,,,,,,,,,15.4234,,,,,,,,,,,,,,,,,,,
BAU,14,2025,,E6TDFREHEA,,,,,,,,,,15.7221,,,,,,,,,,,,,,,,,,,
BAU,14,2026,,E6TDFREHEA,,,,,,,,,,16.0248,,,,,,,,,,,,,,,,,,,
BAU,14,2027,,E6TDFREHEA,,,,,,,,,,16.3548,,,,,,,,,,,,,,,,,,,
BAU,14,2028,,E6TDFREHEA,,,,,,,,,,16.6858,,,,,,,,,,,,,,,,,,,
BAU,14,2029,,E6TDFREHEA,,,,,,,,,,17.0178,,,,,,,,,,,,,,,,,,,
BAU,14,2030,,E6TDFREHEA,,,,,,,,,,17.3508,,,,,,,,,,,,,,,,,,,
BAU,14,2031,,E6TDFREHEA,,,,,,,,,,17.7199,,,,,,,,,,,,,,,,,,,
BAU,14,2032,,E6TDFREHEA,,,,,,,,,,18.0901,,,,,,,,,,,,,,,,,,,
BAU,14,2033,,E6TDFREHEA,,,,,,,,,,18.4614,,,,,,,,,,,,,,,,,,,
BAU,14,2034,,E6TDFREHEA,,,,,,,,,,18.8339,,,,,,,,,,,,,,,,,,,
BAU,14,2035,,E6TDFREHEA,,,,,,,,,,19.2075,,,,,,,,,,,,,,,,,,,
BAU,14,2036,,E6TDFREHEA,,,,,,,,,,19.6585,,,,,,,,,,,,,,,,,,,
BAU,14,2037,,E6TDFREHEA,,,,,,,,,,20.1109,,,,,,,,,,,,,,,,,,,
BAU,14,2038,,E6TDFREHEA,,,,,,,,,,20.5648,,,,,,,,,,,,,,,,,,,
BAU,14,2039,,E6TDFREHEA,,,,,,,,,,21.02,,,,,,,,,,,,,,,,,,,
BAU,14,2040,,E6TDFREHEA,,,,,,,,,,21.4766,,,,,,,,,,,,,,,,,,,
BAU,14,2041,,E6TDFREHEA,,,,,,,,,,22.0102,,,,,,,,,,,,,,,,,,,
BAU,14,2042,,E6TDFREHEA,,,,,,,,,,22.5453,,,,,,,,,,,,,,,,,,,
BAU,14,2043,,E6TDFREHEA,,,,,,,,,,23.0822,,,,,,,,,,,,,,,,,,,
BAU,14,2044,,E6TDFREHEA,,,,,,,,,,23.6207,,,,,,,,,,,,,,,,,,,
BAU,14,2045,,E6TDFREHEA,,,,,,,,,,24.1608,,,,,,,,,,,,,,,,,,,
BAU,14,2046,,E6TDFREHEA,,,,,,,,,,24.7577,,,,,,,,,,,,,,,,,,,
BAU,14,2047,,E6TDFREHEA,,,,,,,,,,25.3564,,,,,,,,,,,,,,,,,,,
BAU,14,2048,,E6TDFREHEA,,,,,,,,,,25.9569,,,,,,,,,,,,,,,,,,,
BAU,14,2049,,E6TDFREHEA,,,,,,,,,,26.5593,,,,,,,,,,,,,,,,,,,
BAU,14,2050,,E6TDFREHEA,,,,,,,,,,27.1634,,,,,,,,,,,,,,,,,,,
BAU,14,2051,,E6TDFREHEA,,,,,,,,,,27.7812,,,,,,,,,,,,,,,,,,,
BAU,14,2052,,E6TDFREHEA,,,,,,,,,,28.4129,,,,,,,,,,,,,,,,,,,
BAU,14,2053,,E6TDFREHEA,,,,,,,,,,29.059,,,,,,,,,,,,,,,,,,,
BAU,14,2054,,E6TDFREHEA,,,,,,,,,,29.7197,,,,,,,,,,,,,,,,,,,
BAU,14,2055,,E6TDFREHEA,,,,,,,,,,30.3954,,,,,,,,,,,,,,,,,,,
BAU,14,2021,,E6TDFRELIG,,,,,,,,,,0.8249,,,,,,,,,,,,,,,,,,,
BAU,14,2022,,E6TDFRELIG,,,,,,,,,,0.8925,,,,,,,,,,,,,,,,,,,
BAU,14,2023,,E6TDFRELIG,,,,,,,,,,0.9341,,,,,,,,,,,,,,,,,,,
BAU,14,2024,,E6TDFRELIG,,,,,,,,,,0.9521,,,,,,,,,,,,,,,,,,,
BAU,14,2025,,E6TDFRELIG,,,,,,,,,,0.9705,,,,,,,,,,,,,,,,,,,
BAU,14,2026,,E6TDFRELIG,,,,,,,,,,0.9892,,,,,,,,,,,,,,,,,,,
BAU,14,2027,,E6TDFRELIG,,,,,,,,,,1.0096,,,,,,,,,,,,,,,,,,,
BAU,14,2028,,E6TDFRELIG,,,,,,,,,,1.03,,,,,,,,,,,,,,,,,,,
BAU,14,2029,,E6TDFRELIG,,,,,,,,,,1.0504,,,,,,,,,,,,,,,,,,,
BAU,14,2030,,E6TDFRELIG,,,,,,,,,,1.071,,,,,,,,,,,,,,,,,,,
BAU,14,2031,,E6TDFRELIG,,,,,,,,,,1.0939,,,,,,,,,,,,,,,,,,,
BAU,14,2032,,E6TDFRELIG,,,,,,,,,,1.1167,,,,,,,,,,,,,,,,,,,
BAU,14,2033,,E6TDFRELIG,,,,,,,,,,1.1396,,,,,,,,,,,,,,,,,,,
BAU,14,2034,,E6TDFRELIG,,,,,,,,,,1.1626,,,,,,,,,,,,,,,,,,,
BAU,14,2035,,E6TDFRELIG,,,,,,,,,,1.1857,,,,,,,,,,,,,,,,,,,
BAU,14,2036,,E6TDFRELIG,,,,,,,,,,1.2135,,,,,,,,,,,,,,,,,,,
BAU,14,2037,,E6TDFRELIG,,,,,,,,,,1.2414,,,,,,,,,,,,,,,,,,,
BAU,14,2038,,E6TDFRELIG,,,,,,,,,,1.2694,,,,,,,,,,,,,,,,,,,
BAU,14,2039,,E6TDFRELIG,,,,,,,,,,1.2976,,,,,,,,,,,,,,,,,,,
BAU,14,2040,,E6TDFRELIG,,,,,,,,,,1.3257,,,,,,,,,,,,,,,,,,,
BAU,14,2041,,E6TDFRELIG,,,,,,,,,,1.3587,,,,,,,,,,,,,,,,,,,
BAU,14,2042,,E6TDFRELIG,,,,,,,,,,1.3917,,,,,,,,,,,,,,,,,,,
BAU,14,2043,,E6TDFRELIG,,,,,,,,,,1.4248,,,,,,,,,,,,,,,,,,,
BAU,14,2044,,E6TDFRELIG,,,,,,,,,,1.458,,,,,,,,,,,,,,,,,,,
BAU,14,2045,,E6TDFRELIG,,,,,,,,,,1.4915,,,,,,,,,,,,,,,,,,,
BAU,14,2046,,E6TDFRELIG,,,,,,,,,,1.5283,,,,,,,,,,,,,,,,,,,
BAU,14,2047,,E6TDFRELIG,,,,,,,,,,1.5652,,,,,,,,,,,,,,,,,,,
BAU,14,2048,,E6TDFRELIG,,,,,,,,,,1.6023,,,,,,,,,,,,,,,,,,,
BAU,14,2049,,E6TDFRELIG,,,,,,,,,,1.6394,,,,,,,,,,,,,,,,,,,
BAU,14,2050,,E6TDFRELIG,,,,,,,,,,1.6768,,,,,,,,,,,,,,,,,,,
BAU,14,2051,,E6TDFRELIG,,,,,,,,,,1.7149,,,,,,,,,,,,,,,,,,,
BAU,14,2052,,E6TDFRELIG,,,,,,,,,,1.7539,,,,,,,,,,,,,,,,,,,
BAU,14,2053,,E6TDFRELIG,,,,,,,,,,1.7938,,,,,,,,,,,,,,,,,,,
BAU,14,2054,,E6TDFRELIG,,,,,,,,,,1.8345,,,,,,,,,,,,,,,,,,,
BAU,14,2055,,E6TDFRELIG,,,,,,,,,,1.8762,,,,,,,,,,,,,,,,,,,
BAU,14,2021,,E6TDPASMAR,,,,,,,,,,1.0819,,,,,,,,,,,,,,,,,,,
BAU,14,2022,,E6TDPASMAR,,,,,,,,,,1.1705,,,,,,,,,,,,,,,,,,,
BAU,14,2023,,E6TDPASMAR,,,,,,,,,,1.2251,,,,,,,,,,,,,,,,,,,
BAU,14,2024,,E6TDPASMAR,,,,,,,,,,1.2486,,,,,,,,,,,,,,,,,,,
BAU,14,2025,,E6TDPASMAR,,,,,,,,,,1.2728,,,,,,,,,,,,,,,,,,,
BAU,14,2026,,E6TDPASMAR,,,,,,,,,,1.2973,,,,,,,,,,,,,,,,,,,
BAU,14,2027,,E6TDPASMAR,,,,,,,,,,1.3218,,,,,,,,,,,,,,,,,,,
BAU,14,2028,,E6TDPASMAR,,,,,,,,,,1.3463,,,,,,,,,,,,,,,,,,,
BAU,14,2029,,E6TDPASMAR,,,,,,,,,,1.3708,,,,,,,,,,,,,,,,,,,
BAU,14,2030,,E6TDPASMAR,,,,,,,,,,1.3953,,,,,,,,,,,,,,,,,,,
BAU,14,2031,,E6TDPASMAR,,,,,,,,,,1.4226,,,,,,,,,,,,,,,,,,,
BAU,14,2032,,E6TDPASMAR,,,,,,,,,,1.45,,,,,,,,,,,,,,,,,,,
BAU,14,2033,,E6TDPASMAR,,,,,,,,,,1.4773,,,,,,,,,,,,,,,,,,,
BAU,14,2034,,E6TDPASMAR,,,,,,,,,,1.5046,,,,,,,,,,,,,,,,,,,
BAU,14,2035,,E6TDPASMAR,,,,,,,,,,1.5319,,,,,,,,,,,,,,,,,,,
BAU,14,2036,,E6TDPASMAR,,,,,,,,,,1.5653,,,,,,,,,,,,,,,,,,,
BAU,14,2037,,E6TDPASMAR,,,,,,,,,,1.5987,,,,,,,,,,,,,,,,,,,
BAU,14,2038,,E6TDPASMAR,,,,,,,,,,1.6321,,,,,,,,,,,,,,,,,,,
BAU,14,2039,,E6TDPASMAR,,,,,,,,,,1.6655,,,,,,,,,,,,,,,,,,,
BAU,14,2040,,E6TDPASMAR,,,,,,,,,,1.6989,,,,,,,,,,,,,,,,,,,
BAU,14,2041,,E6TDPASMAR,,,,,,,,,,1.7383,,,,,,,,,,,,,,,,,,,
BAU,14,2042,,E6TDPASMAR,,,,,,,,,,1.7777,,,,,,,,,,,,,,,,,,,
BAU,14,2043,,E6TDPASMAR,,,,,,,,,,1.817,,,,,,,,,,,,,,,,,,,
BAU,14,2044,,E6TDPASMAR,,,,,,,,,,1.8564,,,,,,,,,,,,,,,,,,,
BAU,14,2045,,E6TDPASMAR,,,,,,,,,,1.8958,,,,,,,,,,,,,,,,,,,
BAU,14,2046,,E6TDPASMAR,,,,,,,,,,1.9395,,,,,,,,,,,,,,,,,,,
BAU,14,2047,,E6TDPASMAR,,,,,,,,,,1.9832,,,,,,,,,,,,,,,,,,,
BAU,14,2048,,E6TDPASMAR,,,,,,,,,,2.0269,,,,,,,,,,,,,,,,,,,
BAU,14,2049,,E6TDPASMAR,,,,,,,,,,2.0706,,,,,,,,,,,,,,,,,,,
BAU,14,2050,,E6TDPASMAR,,,,,,,,,,2.1143,,,,,,,,,,,,,,,,,,,
BAU,14,2051,,E6TDPASMAR,,,,,,,,,,2.1589,,,,,,,,,,,,,,,,,,,
BAU,14,2052,,E6TDPASMAR,,,,,,,,,,2.2045,,,,,,,,,,,,,,,,,,,
BAU,14,2053,,E6TDPASMAR,,,,,,,,,,2.251,,,,,,,,,,,,,,,,,,,
BAU,14,2054,,E6TDPASMAR,,,,,,,,,,2.2985,,,,,,,,,,,,,,,,,,,
BAU,14,2055,,E6TDPASMAR,,,,,,,,,,2.347,,,,,,,,,,,,,,,,,,,
BAU,14,2021,,E6TDFREMAM,,,,,,,,,,1.0819,,,,,,,,,,,,,,,,,,,
BAU,14,2022,,E6TDFREMAM,,,,,,,,,,1.1705,,,,,,,,,,,,,,,,,,,
BAU,14,2023,,E6TDFREMAM,,,,,,,,,,1.2251,,,,,,,,,,,,,,,,,,,
BAU,14,2024,,E6TDFREMAM,,,,,,,,,,1.2486,,,,,,,,,,,,,,,,,,,
BAU,14,2025,,E6TDFREMAM,,,,,,,,,,1.2728,,,,,,,,,,,,,,,,,,,
BAU,14,2026,,E6TDFREMAM,,,,,,,,,,1.2973,,,,,,,,,,,,,,,,,,,
BAU,14,2027,,E6TDFREMAM,,,,,,,,,,1.3218,,,,,,,,,,,,,,,,,,,
BAU,14,2028,,E6TDFREMAM,,,,,,,,,,1.3463,,,,,,,,,,,,,,,,,,,
BAU,14,2029,,E6TDFREMAM,,,,,,,,,,1.3708,,,,,,,,,,,,,,,,,,,
BAU,14,2030,,E6TDFREMAM,,,,,,,,,,1.3953,,,,,,,,,,,,,,,,,,,
BAU,14,2031,,E6TDFREMAM,,,,,,,,,,1.4226,,,,,,,,,,,,,,,,,,,
BAU,14,2032,,E6TDFREMAM,,,,,,,,,,1.45,,,,,,,,,,,,,,,,,,,
BAU,14,2033,,E6TDFREMAM,,,,,,,,,,1.4773,,,,,,,,,,,,,,,,,,,
BAU,14,2034,,E6TDFREMAM,,,,,,,,,,1.5046,,,,,,,,,,,,,,,,,,,
BAU,14,2035,,E6TDFREMAM,,,,,,,,,,1.5319,,,,,,,,,,,,,,,,,,,
BAU,14,2036,,E6TDFREMAM,,,,,,,,,,1.5653,,,,,,,,,,,,,,,,,,,
BAU,14,2037,,E6TDFREMAM,,,,,,,,,,1.5987,,,,,,,,,,,,,,,,,,,
BAU,14,2038,,E6TDFREMAM,,,,,,,,,,1.6321,,,,,,,,,,,,,,,,,,,
BAU,14,2039,,E6TDFREMAM,,,,,,,,,,1.6655,,,,,,,,,,,,,,,,,,,
BAU,14,2040,,E6TDFREMAM,,,,,,,,,,1.6989,,,,,,,,,,,,,,,,,,,
BAU,14,2041,,E6TDFREMAM,,,,,,,,,,1.7383,,,,,,,,,,,,,,,,,,,
BAU,14,2042,,E6TDFREMAM,,,,,,,,,,1.7777,,,,,,,,,,,,,,,,,,,
BAU,14,2043,,E6TDFREMAM,,,,,,,,,,1.817,,,,,,,,,,,,,,,,,,,
BAU,14,2044,,E6TDFREMAM,,,,,,,,,,1.8564,,,,,,,,,,,,,,,,,,,
BAU,14,2045,,E6TDFREMAM,,,,,,,,,,1.8958,,,,,,,,,,,,,,,,,,,
BAU,14,2046,,E6TDFREMAM,,,,,,,,,,1.9395,,,,,,,,,,,,,,,,,,,
BAU,14,2047,,E6TDFREMAM,,,,,,,,,,1.9832,,,,,,,,,,,,,,,,,,,
BAU,14,2048,,E6TDFREMAM,,,,,,,,,,2.0269,,,,,,,,,,,,,,,,,,,
BAU,14,2049,,E6TDFREMAM,,,,,,,,,,2.0706,,,,,,,,,,,,,,,,,,,
BAU,14,2050,,E6TDFREMAM,,,,,,,,,,2.1143,,,,,,,,,,,,,,,,,,,
BAU,14,2051,,E6TDFREMAM,,,,,,,,,,2.1589,,,,,,,,,,,,,,,,,,,
BAU,14,2052,,E6TDFREMAM,,,,,,,,,,2.2045,,,,,,,,,,,,,,,,,,,
BAU,14,2053,,E6TDFREMAM,,,,,,,,,,2.251,,,,,,,,,,,,,,,,,,,
BAU,14,2054,,E6TDFREMAM,,,,,,,,,,2.2985,,,,,,,,,,,,,,,,,,,
BAU,14,2055,,E6TDFREMAM,,,,,,,,,,2.347,,,,,,,,,,,,,,,,,,,
BAU,14,2021,,E6TDPASAVI,,,,,,,,,,1.0819,,,,,,,,,,,,,,,,,,,
BAU,14,2022,,E6TDPASAVI,,,,,,,,,,1.1705,,,,,,,,,,,,,,,,,,,
BAU,14,2023,,E6TDPASAVI,,,,,,,,,,1.2251,,,,,,,,,,,,,,,,,,,
BAU,14,2024,,E6TDPASAVI,,,,,,,,,,1.2486,,,,,,,,,,,,,,,,,,,
BAU,14,2025,,E6TDPASAVI,,,,,,,,,,1.2728,,,,,,,,,,,,,,,,,,,
BAU,14,2026,,E6TDPASAVI,,,,,,,,,,1.2973,,,,,,,,,,,,,,,,,,,
BAU,14,2027,,E6TDPASAVI,,,,,,,,,,1.3218,,,,,,,,,,,,,,,,,,,
BAU,14,2028,,E6TDPASAVI,,,,,,,,,,1.3463,,,,,,,,,,,,,,,,,,,
BAU,14,2029,,E6TDPASAVI,,,,,,,,,,1.3708,,,,,,,,,,,,,,,,,,,
BAU,14,2030,,E6TDPASAVI,,,,,,,,,,1.3953,,,,,,,,,,,,,,,,,,,
BAU,14,2031,,E6TDPASAVI,,,,,,,,,,1.4226,,,,,,,,,,,,,,,,,,,
BAU,14,2032,,E6TDPASAVI,,,,,,,,,,1.45,,,,,,,,,,,,,,,,,,,
BAU,14,2033,,E6TDPASAVI,,,,,,,,,,1.4773,,,,,,,,,,,,,,,,,,,
BAU,14,2034,,E6TDPASAVI,,,,,,,,,,1.5046,,,,,,,,,,,,,,,,,,,
BAU,14,2035,,E6TDPASAVI,,,,,,,,,,1.5319,,,,,,,,,,,,,,,,,,,
BAU,14,2036,,E6TDPASAVI,,,,,,,,,,1.5653,,,,,,,,,,,,,,,,,,,
BAU,14,2037,,E6TDPASAVI,,,,,,,,,,1.5987,,,,,,,,,,,,,,,,,,,
BAU,14,2038,,E6TDPASAVI,,,,,,,,,,1.6321,,,,,,,,,,,,,,,,,,,
BAU,14,2039,,E6TDPASAVI,,,,,,,,,,1.6655,,,,,,,,,,,,,,,,,,,
BAU,14,2040,,E6TDPASAVI,,,,,,,,,,1.6989,,,,,,,,,,,,,,,,,,,
BAU,14,2041,,E6TDPASAVI,,,,,,,,,,1.7383,,,,,,,,,,,,,,,,,,,
BAU,14,2042,,E6TDPASAVI,,,,,,,,,,1.7777,,,,,,,,,,,,,,,,,,,
BAU,14,2043,,E6TDPASAVI,,,,,,,,,,1.817,,,,,,,,,,,,,,,,,,,
BAU,14,2044,,E6TDPASAVI,,,,,,,,,,1.8564,,,,,,,,,,,,,,,,,,,
BAU,14,2045,,E6TDPASAVI,,,,,,,,,,1.8958,,,,,,,,,,,,,,,,,,,
BAU,14,2046,,E6TDPASAVI,,,,,,,,,,1.9395,,,,,,,,,,,,,,,,,,,
BAU,14,2047,,E6TDPASAVI,,,,,,,,,,1.9832,,,,,,,,,,,,,,,,,,,
BAU,14,2048,,E6TDPASAVI,,,,,,,,,,2.0269,,,,,,,,,,,,,,,,,,,
BAU,14,2049,,E6TDPASAVI,,,,,,,,,,2.0706,,,,,,,,,,,,,,,,,,,
BAU,14,2050,,E6TDPASAVI,,,,,,,,,,2.1143,,,,,,,,,,,,,,,,,,,
BAU,14,2051,,E6TDPASAVI,,,,,,,,,,2.1589,,,,,,,,,,,,,,,,,,,
BAU,14,2052,,E6TDPASAVI,,,,,,,,,,2.2045,,,,,,,,,,,,,,,,,,,
BAU,14,2053,,E6TDPASAVI,,,,,,,,,,2.251,,,,,,,,,,,,,,,,,,,
BAU,14,2054,,E6TDPASAVI,,,,,,,,,,2.2985,,,,,,,,,,,,,,,,,,,
BAU,14,2055,,E6TDPASAVI,,,,,,,,,,2.347,,,,,,,,,,,,,,,,,,,
BAU,14,2021,,,,,,,,,,,,,552.52709,,,,,,,,,,,,,,,,,,
BAU,14,2021,,,,,,,,,,,,,16.836088,,,,,,,,,,,,,,,,,,
BAU,14,2021,,,,,,,,,,,,,11.340779,,,,,,,,,,,,,,,,,,
BAU,14,2021,,,,,,,,,,,,,34.277689,,,,,,,,,,,,,,,,,,
BAU,14,2021,,,,,,,,,,,,,25.541791,,,,,,,,,,,,,,,,,,
BAU,14,2021,,,,,,,,,,,,,13.724571,,,,,,,,,,,,,,,,,,
BAU,14,2021,,,,,,,,,,,,,7.53943,,,,,,,,,,,,,,,,,,
BAU,14,2021,,,,,,,,,,,,,1.0798982,,,,,,,,,,,,,,,,,,
BAU,14,2021,,,,,,,,,,,,,318.94295,,,,,,,,,,,,,,,,,,
BAU,14,2021,,,,,,,,,,,,,84.020849,,,,,,,,,,,,,,,,,,
BAU,14,2021,,,,,,,,,,,,,56.006779,,,,,,,,,,,,,,,,,,
BAU,14,2022,,,,,,,,,,,,,563.89693,,,,,,,,,,,,,,,,,,
BAU,14,2022,,,,,,,,,,,,,17.162095,,,,,,,,,,,,,,,,,,
BAU,14,2022,,,,,,,,,,,,,15.390938,,,,,,,,,,,,,,,,,,
BAU,14,2022,,,,,,,,,,,,,29.666351,,,,,,,,,,,,,,,,,,
BAU,14,2022,,,,,,,,,,,,,26.125986,,,,,,,,,,,,,,,,,,
BAU,14,2022,,,,,,,,,,,,,12.851845,,,,,,,,,,,,,,,,,,
BAU,14,2022,,,,,,,,,,,,,9.0299785,,,,,,,,,,,,,,,,,,
BAU,14,2022,,,,,,,,,,,,,1.2954261,,,,,,,,,,,,,,,,,,
BAU,14,2022,,,,,,,,,,,,,375.28871,,,,,,,,,,,,,,,,,,
BAU,14,2022,,,,,,,,,,,,,77.71916,,,,,,,,,,,,,,,,,,
BAU,14,2022,,,,,,,,,,,,,66.3697,,,,,,,,,,,,,,,,,,
BAU,14,2023,,,,,,,,,,,,,351.11932,,,,,,,,,,,,,,,,,,
BAU,14,2023,,,,,,,,,,,,,10.696159,,,,,,,,,,,,,,,,,,
BAU,14,2023,,,,,,,,,,,,,7.3262274,,,,,,,,,,,,,,,,,,
BAU,14,2023,,,,,,,,,,,,,21.553799,,,,,,,,,,,,,,,,,,
BAU,14,2023,,,,,,,,,,,,,16.195264,,,,,,,,,,,,,,,,,,
BAU,14,2023,,,,,,,,,,,,,8.1567944,,,,,,,,,,,,,,,,,,
BAU,14,2023,,,,,,,,,,,,,5.510708,,,,,,,,,,,,,,,,,,
BAU,14,2023,,,,,,,,,,,,,0.83381145,,,,,,,,,,,,,,,,,,
BAU,14,2023,,,,,,,,,,,,,233.44171,,,,,,,,,,,,,,,,,,
BAU,14,2023,,,,,,,,,,,,,47.931531,,,,,,,,,,,,,,,,,,
BAU,14,2023,,,,,,,,,,,,,41.531823,,,,,,,,,,,,,,,,,,
BAU,14,2024,,,,,,,,,,,,,172.33629,,,,,,,,,,,,,,,,,,
BAU,14,2024,,,,,,,,,,,,,5.2485874,,,,,,,,,,,,,,,,,,
BAU,14,2024,,,,,,,,,,,,,3.7476013,,,,,,,,,,,,,,,,,,
BAU,14,2024,,,,,,,,,,,,,10.330562,,,,,,,,,,,,,,,,,,
BAU,14,2024,,,,,,,,,,,,,8.0222289,,,,,,,,,,,,,,,,,,
BAU,14,2024,,,,,,,,,,,,,3.8827087,,,,,,,,,,,,,,,,,,
BAU,14,2024,,,,,,,,,,,,,2.7280733,,,,,,,,,,,,,,,,,,
BAU,14,2024,,,,,,,,,,,,,0.23187058,,,,,,,,,,,,,,,,,,
BAU,14,2024,,,,,,,,,,,,,115.06083,,,,,,,,,,,,,,,,,,
BAU,14,2024,,,,,,,,,,,,,24.256161,,,,,,,,,,,,,,,,,,
BAU,14,2024,,,,,,,,,,,,,19.938498,,,,,,,,,,,,,,,,,,
BAU,14,2025,,,,,,,,,,,,,214.4267,,,,,,,,,,,,,,,,,,
BAU,14,2025,,,,,,,,,,,,,6.5531825,,,,,,,,,,,,,,,,,,
BAU,14,2025,,,,,,,,,,,,,4.4597311,,,,,,,,,,,,,,,,,,
BAU,14,2025,,,,,,,,,,,,,13.068271,,,,,,,,,,,,,,,,,,
BAU,14,2025,,,,,,,,,,,,,9.9086271,,,,,,,,,,,,,,,,,,
BAU,14,2025,,,,,,,,,,,,,4.990153,,,,,,,,,,,,,,,,,,
BAU,14,2025,,,,,,,,,,,,,3.3963066,,,,,,,,,,,,,,,,,,
BAU,14,2025,,,,,,,,,,,,,0.52090195,,,,,,,,,,,,,,,,,,
BAU,14,2025,,,,,,,,,,,,,143.15229,,,,,,,,,,,,,,,,,,
BAU,14,2025,,,,,,,,,,,,,29.325639,,,,,,,,,,,,,,,,,,
BAU,14,2025,,,,,,,,,,,,,25.416328,,,,,,,,,,,,,,,,,,
BAU,14,2026,,,,,,,,,,,,,191.56955,,,,,,,,,,,,,,,,,,
BAU,14,2026,,,,,,,,,,,,,14.688666,,,,,,,,,,,,,,,,,,
BAU,14,2026,,,,,,,,,,,,,5.8269382,,,,,,,,,,,,,,,,,,
BAU,14,2026,,,,,,,,,,,,,0.93582136,,,,,,,,,,,,,,,,,,
BAU,14,2026,,,,,,,,,,,,,12.642887,,,,,,,,,,,,,,,,,,
BAU,14,2026,,,,,,,,,,,,,0.80269909,,,,,,,,,,,,,,,,,,
BAU,14,2026,,,,,,,,,,,,,8.8655807,,,,,,,,,,,,,,,,,,
BAU,14,2026,,,,,,,,,,,,,0.6799448,,,,,,,,,,,,,,,,,,
BAU,14,2026,,,,,,,,,,,,,4.2228594,,,,,,,,,,,,,,,,,,
BAU,14,2026,,,,,,,,,,,,,2.8529523,,,,,,,,,,,,,,,,,,
BAU,14,2026,,,,,,,,,,,,,0.59634874,,,,,,,,,,,,,,,,,,
BAU,14,2026,,,,,,,,,,,,,0.41144012,,,,,,,,,,,,,,,,,,
BAU,14,2026,,,,,,,,,,,,,98.284186,,,,,,,,,,,,,,,,,,
BAU,14,2026,,,,,,,,,,,,,36.739555,,,,,,,,,,,,,,,,,,
BAU,14,2026,,,,,,,,,,,,,14.39557,,,,,,,,,,,,,,,,,,
BAU,14,2027,,,,,,,,,,,,,163.11796,,,,,,,,,,,,,,,,,,
BAU,14,2027,,,,,,,,,,,,,14.513505,,,,,,,,,,,,,,,,,,
BAU,14,2027,,,,,,,,,,,,,5.0186713,,,,,,,,,,,,,,,,,,
BAU,14,2027,,,,,,,,,,,,,0.9005444,,,,,,,,,,,,,,,,,,
BAU,14,2027,,,,,,,,,,,,,10.768605,,,,,,,,,,,,,,,,,,
BAU,14,2027,,,,,,,,,,,,,0.6843389,,,,,,,,,,,,,,,,,,
BAU,14,2027,,,,,,,,,,,,,7.5581828,,,,,,,,,,,,,,,,,,
BAU,14,2027,,,,,,,,,,,,,0.67177228,,,,,,,,,,,,,,,,,,
BAU,14,2027,,,,,,,,,,,,,4.8532217,,,,,,,,,,,,,,,,,,
BAU,14,2027,,,,,,,,,,,,,1.6281054,,,,,,,,,,,,,,,,,,
BAU,14,2027,,,,,,,,,,,,,0.3814553,,,,,,,,,,,,,,,,,,
BAU,14,2027,,,,,,,,,,,,,0.3595443,,,,,,,,,,,,,,,,,,
BAU,14,2027,,,,,,,,,,,,,58.425228,,,,,,,,,,,,,,,,,,
BAU,14,2027,,,,,,,,,,,,,42.840526,,,,,,,,,,,,,,,,,,
BAU,14,2027,,,,,,,,,,,,,7.5742753,,,,,,,,,,,,,,,,,,
BAU,14,2028,,,,,,,,,,,,,152.94449,,,,,,,,,,,,,,,,,,
BAU,14,2028,,,,,,,,,,,,,14.087781,,,,,,,,,,,,,,,,,,
BAU,14,2028,,,,,,,,,,,,,4.6341034,,,,,,,,,,,,,,,,,,
BAU,14,2028,,,,,,,,,,,,,0.86649825,,,,,,,,,,,,,,,,,,
BAU,14,2028,,,,,,,,,,,,,10.071556,,,,,,,,,,,,,,,,,,
BAU,14,2028,,,,,,,,,,,,,0.8224132,,,,,,,,,,,,,,,,,,
BAU,14,2028,,,,,,,,,,,,,7.0420464,,,,,,,,,,,,,,,,,,
BAU,14,2028,,,,,,,,,,,,,0.63520626,,,,,,,,,,,,,,,,,,
BAU,14,2028,,,,,,,,,,,,,3.5017987,,,,,,,,,,,,,,,,,,
BAU,14,2028,,,,,,,,,,,,,2.2367617,,,,,,,,,,,,,,,,,,
BAU,14,2028,,,,,,,,,,,,,0.55036065,,,,,,,,,,,,,,,,,,
BAU,14,2028,,,,,,,,,,,,,0.45879265,,,,,,,,,,,,,,,,,,
BAU,14,2028,,,,,,,,,,,,,89.94511,,,,,,,,,,,,,,,,,,
BAU,14,2028,,,,,,,,,,,,,35.112173,,,,,,,,,,,,,,,,,,
BAU,14,2028,,,,,,,,,,,,,12.745649,,,,,,,,,,,,,,,,,,
BAU,14,2029,,,,,,,,,,,,,142.93965,,,,,,,,,,,,,,,,,,
BAU,14,2029,,,,,,,,,,,,,13.988913,,,,,,,,,,,,,,,,,,
BAU,14,2029,,,,,,,,,,,,,4.3347424,,,,,,,,,,,,,,,,,,
BAU,14,2029,,,,,,,,,,,,,0.9262734,,,,,,,,,,,,,,,,,,
BAU,14,2029,,,,,,,,,,,,,11.202879,,,,,,,,,,,,,,,,,,
BAU,14,2029,,,,,,,,,,,,,0.63248152,,,,,,,,,,,,,,,,,,
BAU,14,2029,,,,,,,,,,,,,6.6513301,,,,,,,,,,,,,,,,,,
BAU,14,2029,,,,,,,,,,,,,0.60032756,,,,,,,,,,,,,,,,,,
BAU,14,2029,,,,,,,,,,,,,3.4820284,,,,,,,,,,,,,,,,,,
BAU,14,2029,,,,,,,,,,,,,2.127432,,,,,,,,,,,,,,,,,,
BAU,14,2029,,,,,,,,,,,,,0.52931468,,,,,,,,,,,,,,,,,,
BAU,14,2029,,,,,,,,,,,,,0.084151738,,,,,,,,,,,,,,,,,,
BAU,14,2029,,,,,,,,,,,,,0.58485751,,,,,,,,,,,,,,,,,,
BAU,14,2029,,,,,,,,,,,,,83.336257,,,,,,,,,,,,,,,,,,
BAU,14,2029,,,,,,,,,,,,,33.406377,,,,,,,,,,,,,,,,,,
BAU,14,2029,,,,,,,,,,,,,11.595588,,,,,,,,,,,,,,,,,,
BAU,14,2030,,,,,,,,,,,,,167.0586,,,,,,,,,,,,,,,,,,
BAU,14,2030,,,,,,,,,,,,,13.769393,,,,,,,,,,,,,,,,,,
BAU,14,2030,,,,,,,,,,,,,5.0929483,,,,,,,,,,,,,,,,,,
BAU,14,2030,,,,,,,,,,,,,0.89105727,,,,,,,,,,,,,,,,,,
BAU,14,2030,,,,,,,,,,,,,12.276746,,,,,,,,,,,,,,,,,,
BAU,14,2030,,,,,,,,,,,,,0.75995,,,,,,,,,,,,,,,,,,
BAU,14,2030,,,,,,,,,,,,,7.7197539,,,,,,,,,,,,,,,,,,
BAU,14,2030,,,,,,,,,,,,,0.61919502,,,,,,,,,,,,,,,,,,
BAU,14,2030,,,,,,,,,,,,,3.8877992,,,,,,,,,,,,,,,,,,
BAU,14,2030,,,,,,,,,,,,,2.6460427,,,,,,,,,,,,,,,,,,
BAU,14,2030,,,,,,,,,,,,,0.50902177,,,,,,,,,,,,,,,,,,
BAU,14,2030,,,,,,,,,,,,,0.28815644,,,,,,,,,,,,,,,,,,
BAU,14,2030,,,,,,,,,,,,,99.838435,,,,,,,,,,,,,,,,,,
BAU,14,2030,,,,,,,,,,,,,36.63729,,,,,,,,,,,,,,,,,,
BAU,14,2030,,,,,,,,,,,,,14.788621,,,,,,,,,,,,,,,,,,
BAU,14,2031,,,,,,,,,,,,,162.83744,,,,,,,,,,,,,,,,,,
BAU,14,2031,,,,,,,,,,,,,16.82891,,,,,,,,,,,,,,,,,,
BAU,14,2031,,,,,,,,,,,,,5.0087659,,,,,,,,,,,,,,,,,,
BAU,14,2031,,,,,,,,,,,,,1.0285057,,,,,,,,,,,,,,,,,,
BAU,14,2031,,,,,,,,,,,,,12.043846,,,,,,,,,,,,,,,,,,
BAU,14,2031,,,,,,,,,,,,,0.8765024,,,,,,,,,,,,,,,,,,
BAU,14,2031,,,,,,,,,,,,,7.5107174,,,,,,,,,,,,,,,,,,
BAU,14,2031,,,,,,,,,,,,,0.73175748,,,,,,,,,,,,,,,,,,
BAU,14,2031,,,,,,,,,,,,,3.6977627,,,,,,,,,,,,,,,,,,
BAU,14,2031,,,,,,,,,,,,,2.3686622,,,,,,,,,,,,,,,,,,
BAU,14,2031,,,,,,,,,,,,,0.65260958,,,,,,,,,,,,,,,,,,
BAU,14,2031,,,,,,,,,,,,,0.51486103,,,,,,,,,,,,,,,,,,
BAU,14,2031,,,,,,,,,,,,,98.516463,,,,,,,,,,,,,,,,,,
BAU,14,2031,,,,,,,,,,,,,36.243707,,,,,,,,,,,,,,,,,,
BAU,14,2031,,,,,,,,,,,,,14.542555,,,,,,,,,,,,,,,,,,
BAU,14,2032,,,,,,,,,,,,,151.12588,,,,,,,,,,,,,,,,,,
BAU,14,2032,,,,,,,,,,,,,16.539226,,,,,,,,,,,,,,,,,,
BAU,14,2032,,,,,,,,,,,,,4.5758813,,,,,,,,,,,,,,,,,,
BAU,14,2032,,,,,,,,,,,,,1.1540582,,,,,,,,,,,,,,,,,,
BAU,14,2032,,,,,,,,,,,,,11.664675,,,,,,,,,,,,,,,,,,
BAU,14,2032,,,,,,,,,,,,,0.83840658,,,,,,,,,,,,,,,,,,
BAU,14,2032,,,,,,,,,,,,,7.0435347,,,,,,,,,,,,,,,,,,
BAU,14,2032,,,,,,,,,,,,,0.71451806,,,,,,,,,,,,,,,,,,
BAU,14,2032,,,,,,,,,,,,,3.517012,,,,,,,,,,,,,,,,,,
BAU,14,2032,,,,,,,,,,,,,2.3936843,,,,,,,,,,,,,,,,,,
BAU,14,2032,,,,,,,,,,,,,0.62440431,,,,,,,,,,,,,,,,,,
BAU,14,2032,,,,,,,,,,,,,0.29671148,,,,,,,,,,,,,,,,,,
BAU,14,2032,,,,,,,,,,,,,90.739671,,,,,,,,,,,,,,,,,,
BAU,14,2032,,,,,,,,,,,,,34.409219,,,,,,,,,,,,,,,,,,
BAU,14,2032,,,,,,,,,,,,,13.378201,,,,,,,,,,,,,,,,,,
BAU,14,2033,,,,,,,,,,,,,140.45555,,,,,,,,,,,,,,,,,,
BAU,14,2033,,,,,,,,,,,,,16.241648,,,,,,,,,,,,,,,,,,
BAU,14,2033,,,,,,,,,,,,,4.2925842,,,,,,,,,,,,,,,,,,
BAU,14,2033,,,,,,,,,,,,,1.0305582,,,,,,,,,,,,,,,,,,
BAU,14,2033,,,,,,,,,,,,,11.160916,,,,,,,,,,,,,,,,,,
BAU,14,2033,,,,,,,,,,,,,0.86877769,,,,,,,,,,,,,,,,,,
BAU,14,2033,,,,,,,,,,,,,20.55447,,,,,,,,,,,,,,,,,,
BAU,14,2033,,,,,,,,,,,,,0.69724803,,,,,,,,,,,,,,,,,,
BAU,14,2033,,,,,,,,,,,,,11.02642,,,,,,,,,,,,,,,,,,
BAU,14,2033,,,,,,,,,,,,,6.1604184,,,,,,,,,,,,,,,,,,
BAU,14,2033,,,,,,,,,,,,,0.59735798,,,,,,,,,,,,,,,,,,
BAU,14,2033,,,,,,,,,,,,,0.86973023,,,,,,,,,,,,,,,,,,
BAU,14,2033,,,,,,,,,,,,,83.286513,,,,,,,,,,,,,,,,,,
BAU,14,2033,,,,,,,,,,,,,32.763527,,,,,,,,,,,,,,,,,,
BAU,14,2033,,,,,,,,,,,,,11.861588,,,,,,,,,,,,,,,,,,
BAU,14,2034,,,,,,,,,,,,,130.67081,,,,,,,,,,,,,,,,,,
BAU,14,2034,,,,,,,,,,,,,15.886831,,,,,,,,,,,,,,,,,,
BAU,14,2034,,,,,,,,,,,,,3.9409886,,,,,,,,,,,,,,,,,,
BAU,14,2034,,,,,,,,,,,,,1.0671929,,,,,,,,,,,,,,,,,,
BAU,14,2034,,,,,,,,,,,,,10.868086,,,,,,,,,,,,,,,,,,
BAU,14,2034,,,,,,,,,,,,,0.89141774,,,,,,,,,,,,,,,,,,
BAU,14,2034,,,,,,,,,,,,,20.418584,,,,,,,,,,,,,,,,,,
BAU,14,2034,,,,,,,,,,,,,0.70395043,,,,,,,,,,,,,,,,,,
BAU,14,2034,,,,,,,,,,,,,10.133909,,,,,,,,,,,,,,,,,,
BAU,14,2034,,,,,,,,,,,,,7.0056611,,,,,,,,,,,,,,,,,,
BAU,14,2034,,,,,,,,,,,,,0.42687935,,,,,,,,,,,,,,,,,,
BAU,14,2034,,,,,,,,,,,,,1.0145095,,,,,,,,,,,,,,,,,,
BAU,14,2034,,,,,,,,,,,,,0.47101983,,,,,,,,,,,,,,,,,,
BAU,14,2034,,,,,,,,,,,,,77.301823,,,,,,,,,,,,,,,,,,
BAU,14,2034,,,,,,,,,,,,,31.263493,,,,,,,,,,,,,,,,,,
BAU,14,2034,,,,,,,,,,,,,10.871514,,,,,,,,,,,,,,,,,,
BAU,14,2035,,,,,,,,,,,,,132.54717,,,,,,,,,,,,,,,,,,
BAU,14,2035,,,,,,,,,,,,,15.528889,,,,,,,,,,,,,,,,,,
BAU,14,2035,,,,,,,,,,,,,4.0719363,,,,,,,,,,,,,,,,,,
BAU,14,2035,,,,,,,,,,,,,1.0260904,,,,,,,,,,,,,,,,,,
BAU,14,2035,,,,,,,,,,,,,10.757499,,,,,,,,,,,,,,,,,,
BAU,14,2035,,,,,,,,,,,,,0.78864997,,,,,,,,,,,,,,,,,,
BAU,14,2035,,,,,,,,,,,,,15.012971,,,,,,,,,,,,,,,,,,
BAU,14,2035,,,,,,,,,,,,,0.64892701,,,,,,,,,,,,,,,,,,
BAU,14,2035,,,,,,,,,,,,,7.6211608,,,,,,,,,,,,,,,,,,
BAU,14,2035,,,,,,,,,,,,,5.0882608,,,,,,,,,,,,,,,,,,
BAU,14,2035,,,,,,,,,,,,,0.677895,,,,,,,,,,,,,,,,,,
BAU,14,2035,,,,,,,,,,,,,0.72890295,,,,,,,,,,,,,,,,,,
BAU,14,2035,,,,,,,,,,,,,78.436697,,,,,,,,,,,,,,,,,,
BAU,14,2035,,,,,,,,,,,,,31.158725,,,,,,,,,,,,,,,,,,
BAU,14,2035,,,,,,,,,,,,,11.315554,,,,,,,,,,,,,,,,,,
BAU,14,2036,,,,,,,,,,,,,400.6778,,,,,,,,,,,,,,,,,,
BAU,14,2036,,,,,,,,,,,,,15.779791,,,,,,,,,,,,,,,,,,
BAU,14,2036,,,,,,,,,,,,,12.208555,,,,,,,,,,,,,,,,,,
BAU,14,2036,,,,,,,,,,,,,1.0569379,,,,,,,,,,,,,,,,,,
BAU,14,2036,,,,,,,,,,,,,16.290575,,,,,,,,,,,,,,,,,,
BAU,14,2036,,,,,,,,,,,,,0.92480204,,,,,,,,,,,,,,,,,,
BAU,14,2036,,,,,,,,,,,,,10.856677,,,,,,,,,,,,,,,,,,
BAU,14,2036,,,,,,,,,,,,,0.65399164,,,,,,,,,,,,,,,,,,
BAU,14,2036,,,,,,,,,,,,,5.329856,,,,,,,,,,,,,,,,,,
BAU,14,2036,,,,,,,,,,,,,3.6872563,,,,,,,,,,,,,,,,,,
BAU,14,2036,,,,,,,,,,,,,0.51672686,,,,,,,,,,,,,,,,,,
BAU,14,2036,,,,,,,,,,,,,0.38108379,,,,,,,,,,,,,,,,,,
BAU,14,2036,,,,,,,,,,,,,233.3271,,,,,,,,,,,,,,,,,,
BAU,14,2036,,,,,,,,,,,,,72.130552,,,,,,,,,,,,,,,,,,
BAU,14,2036,,,,,,,,,,,,,38.41063,,,,,,,,,,,,,,,,,,
BAU,14,2037,,,,,,,,,,,,,395.9837,,,,,,,,,,,,,,,,,,
BAU,14,2037,,,,,,,,,,,,,15.38969,,,,,,,,,,,,,,,,,,
BAU,14,2037,,,,,,,,,,,,,12.070794,,,,,,,,,,,,,,,,,,
BAU,14,2037,,,,,,,,,,,,,1.0160354,,,,,,,,,,,,,,,,,,
BAU,14,2037,,,,,,,,,,,,,24.681995,,,,,,,,,,,,,,,,,,
BAU,14,2037,,,,,,,,,,,,,1.8476284,,,,,,,,,,,,,,,,,,
BAU,14,2037,,,,,,,,,,,,,0.88112179,,,,,,,,,,,,,,,,,,
BAU,14,2037,,,,,,,,,,,,,11.400593,,,,,,,,,,,,,,,,,,
BAU,14,2037,,,,,,,,,,,,,0.65694145,,,,,,,,,,,,,,,,,,
BAU,14,2037,,,,,,,,,,,,,5.7790067,,,,,,,,,,,,,,,,,,
BAU,14,2037,,,,,,,,,,,,,3.7261911,,,,,,,,,,,,,,,,,,
BAU,14,2037,,,,,,,,,,,,,0.61543099,,,,,,,,,,,,,,,,,,
BAU,14,2037,,,,,,,,,,,,,0.65728278,,,,,,,,,,,,,,,,,,
BAU,14,2037,,,,,,,,,,,,,253.36509,,,,,,,,,,,,,,,,,,
BAU,14,2037,,,,,,,,,,,,,67.498409,,,,,,,,,,,,,,,,,,
BAU,14,2037,,,,,,,,,,,,,42.004025,,,,,,,,,,,,,,,,,,
BAU,14,2038,,,,,,,,,,,,,285.69105,,,,,,,,,,,,,,,,,,
BAU,14,2038,,,,,,,,,,,,,15.070011,,,,,,,,,,,,,,,,,,
BAU,14,2038,,,,,,,,,,,,,8.7049132,,,,,,,,,,,,,,,,,,
BAU,14,2038,,,,,,,,,,,,,1.0417329,,,,,,,,,,,,,,,,,,
BAU,14,2038,,,,,,,,,,,,,13.857716,,,,,,,,,,,,,,,,,,
BAU,14,2038,,,,,,,,,,,,,6.8183429,,,,,,,,,,,,,,,,,,
BAU,14,2038,,,,,,,,,,,,,0.78703582,,,,,,,,,,,,,,,,,,
BAU,14,2038,,,,,,,,,,,,,10.369238,,,,,,,,,,,,,,,,,,
BAU,14,2038,,,,,,,,,,,,,1.0122675,,,,,,,,,,,,,,,,,,
BAU,14,2038,,,,,,,,,,,,,5.2072038,,,,,,,,,,,,,,,,,,
BAU,14,2038,,,,,,,,,,,,,3.3355592,,,,,,,,,,,,,,,,,,
BAU,14,2038,,,,,,,,,,,,,0.82088555,,,,,,,,,,,,,,,,,,
BAU,14,2038,,,,,,,,,,,,,0.3705045,,,,,,,,,,,,,,,,,,
BAU,14,2038,,,,,,,,,,,,,0.38812984,,,,,,,,,,,,,,,,,,
BAU,14,2038,,,,,,,,,,,,,179.75564,,,,,,,,,,,,,,,,,,
BAU,14,2038,,,,,,,,,,,,,52.000738,,,,,,,,,,,,,,,,,,
BAU,14,2038,,,,,,,,,,,,,29.207586,,,,,,,,,,,,,,,,,,
BAU,14,2039,,,,,,,,,,,,,192.36802,,,,,,,,,,,,,,,,,,
BAU,14,2039,,,,,,,,,,,,,14.811623,,,,,,,,,,,,,,,,,,
BAU,14,2039,,,,,,,,,,,,,5.85794,,,,,,,,,,,,,,,,,,
BAU,14,2039,,,,,,,,,,,,,1.0012338,,,,,,,,,,,,,,,,,,
BAU,14,2039,,,,,,,,,,,,,11.655672,,,,,,,,,,,,,,,,,,
BAU,14,2039,,,,,,,,,,,,,1.3371163,,,,,,,,,,,,,,,,,,
BAU,14,2039,,,,,,,,,,,,,0.79985239,,,,,,,,,,,,,,,,,,
BAU,14,2039,,,,,,,,,,,,,9.3128435,,,,,,,,,,,,,,,,,,
BAU,14,2039,,,,,,,,,,,,,0.96140357,,,,,,,,,,,,,,,,,,
BAU,14,2039,,,,,,,,,,,,,5.2277855,,,,,,,,,,,,,,,,,,
BAU,14,2039,,,,,,,,,,,,,2.6767915,,,,,,,,,,,,,,,,,,
BAU,14,2039,,,,,,,,,,,,,0.78215054,,,,,,,,,,,,,,,,,,
BAU,14,2039,,,,,,,,,,,,,0.47020211,,,,,,,,,,,,,,,,,,
BAU,14,2039,,,,,,,,,,,,,118.24784,,,,,,,,,,,,,,,,,,
BAU,14,2039,,,,,,,,,,,,,39.439146,,,,,,,,,,,,,,,,,,
BAU,14,2039,,,,,,,,,,,,,18.040848,,,,,,,,,,,,,,,,,,
BAU,14,2040,,,,,,,,,,,,,204.21967,,,,,,,,,,,,,,,,,,
BAU,14,2040,,,,,,,,,,,,,14.481854,,,,,,,,,,,,,,,,,,
BAU,14,2040,,,,,,,,,,,,,6.1974036,,,,,,,,,,,,,,,,,,
BAU,14,2040,,,,,,,,,,,,,1.0825007,,,,,,,,,,,,,,,,,,
BAU,14,2040,,,,,,,,,,,,,11.787486,,,,,,,,,,,,,,,,,,
BAU,14,2040,,,,,,,,,,,,,2.3527328,,,,,,,,,,,,,,,,,,
BAU,14,2040,,,,,,,,,,,,,0.76207303,,,,,,,,,,,,,,,,,,
BAU,14,2040,,,,,,,,,,,,,8.6163529,,,,,,,,,,,,,,,,,,
BAU,14,2040,,,,,,,,,,,,,0.94397793,,,,,,,,,,,,,,,,,,
BAU,14,2040,,,,,,,,,,,,,4.1871241,,,,,,,,,,,,,,,,,,
BAU,14,2040,,,,,,,,,,,,,2.8288096,,,,,,,,,,,,,,,,,,
BAU,14,2040,,,,,,,,,,,,,0.95816841,,,,,,,,,,,,,,,,,,
BAU,14,2040,,,,,,,,,,,,,0.44335538,,,,,,,,,,,,,,,,,,
BAU,14,2040,,,,,,,,,,,,,126.06497,,,,,,,,,,,,,,,,,,
BAU,14,2040,,,,,,,,,,,,,40.496658,,,,,,,,,,,,,,,,,,
BAU,14,2040,,,,,,,,,,,,,19.740291,,,,,,,,,,,,,,,,,,
BAU,14,2041,,,,,,,,,,,,,238.0629,,,,,,,,,,,,,,,,,,
BAU,14,2041,,,,,,,,,,,,,21.969642,,,,,,,,,,,,,,,,,,
BAU,14,2041,,,,,,,,,,,,,7.2791007,,,,,,,,,,,,,,,,,,
BAU,14,2041,,,,,,,,,,,,,1.5603475,,,,,,,,,,,,,,,,,,
BAU,14,2041,,,,,,,,,,,,,10.143476,,,,,,,,,,,,,,,,,,
BAU,14,2041,,,,,,,,,,,,,7.5598326,,,,,,,,,,,,,,,,,,
BAU,14,2041,,,,,,,,,,,,,1.1798751,,,,,,,,,,,,,,,,,,
BAU,14,2041,,,,,,,,,,,,,10.489233,,,,,,,,,,,,,,,,,,
BAU,14,2041,,,,,,,,,,,,,0.94036721,,,,,,,,,,,,,,,,,,
BAU,14,2041,,,,,,,,,,,,,5.2269271,,,,,,,,,,,,,,,,,,
BAU,14,2041,,,,,,,,,,,,,3.7667174,,,,,,,,,,,,,,,,,,
BAU,14,2041,,,,,,,,,,,,,0.71007547,,,,,,,,,,,,,,,,,,
BAU,14,2041,,,,,,,,,,,,,0.38763204,,,,,,,,,,,,,,,,,,
BAU,14,2041,,,,,,,,,,,,,0.67139981,,,,,,,,,,,,,,,,,,
BAU,14,2041,,,,,,,,,,,,,172.03888,,,,,,,,,,,,,,,,,,
BAU,14,2041,,,,,,,,,,,,,39.775077,,,,,,,,,,,,,,,,,,
BAU,14,2041,,,,,,,,,,,,,31.051312,,,,,,,,,,,,,,,,,,
BAU,14,2042,,,,,,,,,,,,,211.33217,,,,,,,,,,,,,,,,,,
BAU,14,2042,,,,,,,,,,,,,21.546528,,,,,,,,,,,,,,,,,,
BAU,14,2042,,,,,,,,,,,,,6.4899869,,,,,,,,,,,,,,,,,,
BAU,14,2042,,,,,,,,,,,,,1.4992901,,,,,,,,,,,,,,,,,,
BAU,14,2042,,,,,,,,,,,,,8.8436011,,,,,,,,,,,,,,,,,,
BAU,14,2042,,,,,,,,,,,,,6.7875822,,,,,,,,,,,,,,,,,,
BAU,14,2042,,,,,,,,,,,,,1.1673811,,,,,,,,,,,,,,,,,,
BAU,14,2042,,,,,,,,,,,,,10.437054,,,,,,,,,,,,,,,,,,
BAU,14,2042,,,,,,,,,,,,,0.93477162,,,,,,,,,,,,,,,,,,
BAU,14,2042,,,,,,,,,,,,,4.8135626,,,,,,,,,,,,,,,,,,
BAU,14,2042,,,,,,,,,,,,,3.8384614,,,,,,,,,,,,,,,,,,
BAU,14,2042,,,,,,,,,,,,,0.86987292,,,,,,,,,,,,,,,,,,
BAU,14,2042,,,,,,,,,,,,,0.49020443,,,,,,,,,,,,,,,,,,
BAU,14,2042,,,,,,,,,,,,,144.02335,,,,,,,,,,,,,,,,,,
BAU,14,2042,,,,,,,,,,,,,40.582982,,,,,,,,,,,,,,,,,,
BAU,14,2042,,,,,,,,,,,,,26.511219,,,,,,,,,,,,,,,,,,
BAU,14,2043,,,,,,,,,,,,,194.4283,,,,,,,,,,,,,,,,,,
BAU,14,2043,,,,,,,,,,,,,21.005468,,,,,,,,,,,,,,,,,,
BAU,14,2043,,,,,,,,,,,,,5.9034527,,,,,,,,,,,,,,,,,,
BAU,14,2043,,,,,,,,,,,,,1.4938515,,,,,,,,,,,,,,,,,,
BAU,14,2043,,,,,,,,,,,,,8.2904973,,,,,,,,,,,,,,,,,,
BAU,14,2043,,,,,,,,,,,,,6.2368952,,,,,,,,,,,,,,,,,,
BAU,14,2043,,,,,,,,,,,,,1.1534333,,,,,,,,,,,,,,,,,,
BAU,14,2043,,,,,,,,,,,,,9.7884276,,,,,,,,,,,,,,,,,,
BAU,14,2043,,,,,,,,,,,,,0.97964507,,,,,,,,,,,,,,,,,,
BAU,14,2043,,,,,,,,,,,,,4.6532779,,,,,,,,,,,,,,,,,,
BAU,14,2043,,,,,,,,,,,,,3.4074105,,,,,,,,,,,,,,,,,,
BAU,14,2043,,,,,,,,,,,,,0.92091558,,,,,,,,,,,,,,,,,,
BAU,14,2043,,,,,,,,,,,,,0.47005876,,,,,,,,,,,,,,,,,,
BAU,14,2043,,,,,,,,,,,,,150.99704,,,,,,,,,,,,,,,,,,
BAU,14,2043,,,,,,,,,,,,,35.106568,,,,,,,,,,,,,,,,,,
BAU,14,2043,,,,,,,,,,,,,27.305441,,,,,,,,,,,,,,,,,,
BAU,14,2044,,,,,,,,,,,,,178.75423,,,,,,,,,,,,,,,,,,
BAU,14,2044,,,,,,,,,,,,,20.621655,,,,,,,,,,,,,,,,,,
BAU,14,2044,,,,,,,,,,,,,5.4368242,,,,,,,,,,,,,,,,,,
BAU,14,2044,,,,,,,,,,,,,1.5376658,,,,,,,,,,,,,,,,,,
BAU,14,2044,,,,,,,,,,,,,8.4593255,,,,,,,,,,,,,,,,,,
BAU,14,2044,,,,,,,,,,,,,5.619756,,,,,,,,,,,,,,,,,,
BAU,14,2044,,,,,,,,,,,,,1.0597024,,,,,,,,,,,,,,,,,,
BAU,14,2044,,,,,,,,,,,,,9.0028182,,,,,,,,,,,,,,,,,,
BAU,14,2044,,,,,,,,,,,,,0.96761358,,,,,,,,,,,,,,,,,,
BAU,14,2044,,,,,,,,,,,,,4.0688555,,,,,,,,,,,,,,,,,,
BAU,14,2044,,,,,,,,,,,,,3.4723043,,,,,,,,,,,,,,,,,,
BAU,14,2044,,,,,,,,,,,,,0.87739151,,,,,,,,,,,,,,,,,,
BAU,14,2044,,,,,,,,,,,,,0.45022211,,,,,,,,,,,,,,,,,,
BAU,14,2044,,,,,,,,,,,,,140.25314,,,,,,,,,,,,,,,,,,
BAU,14,2044,,,,,,,,,,,,,32.740612,,,,,,,,,,,,,,,,,,
BAU,14,2044,,,,,,,,,,,,,25.597658,,,,,,,,,,,,,,,,,,
BAU,14,2045,,,,,,,,,,,,,180.22244,,,,,,,,,,,,,,,,,,
BAU,14,2045,,,,,,,,,,,,,20.178904,,,,,,,,,,,,,,,,,,
BAU,14,2045,,,,,,,,,,,,,5.4947503,,,,,,,,,,,,,,,,,,
BAU,14,2045,,,,,,,,,,,,,1.4771267,,,,,,,,,,,,,,,,,,
BAU,14,2045,,,,,,,,,,,,,8.7010381,,,,,,,,,,,,,,,,,,
BAU,14,2045,,,,,,,,,,,,,5.1470306,,,,,,,,,,,,,,,,,,
BAU,14,2045,,,,,,,,,,,,,1.0844341,,,,,,,,,,,,,,,,,,
BAU,14,2045,,,,,,,,,,,,,15.967625,,,,,,,,,,,,,,,,,,
BAU,14,2045,,,,,,,,,,,,,0.94298461,,,,,,,,,,,,,,,,,,
BAU,14,2045,,,,,,,,,,,,,8.2150931,,,,,,,,,,,,,,,,,,
BAU,14,2045,,,,,,,,,,,,,5.2840569,,,,,,,,,,,,,,,,,,
BAU,14,2045,,,,,,,,,,,,,0.75238806,,,,,,,,,,,,,,,,,,
BAU,14,2045,,,,,,,,,,,,,0.65052781,,,,,,,,,,,,,,,,,,
BAU,14,2045,,,,,,,,,,,,,0.27661875,,,,,,,,,,,,,,,,,,
BAU,14,2045,,,,,,,,,,,,,141.44369,,,,,,,,,,,,,,,,,,
BAU,14,2045,,,,,,,,,,,,,32.64922,,,,,,,,,,,,,,,,,,
BAU,14,2045,,,,,,,,,,,,,26.000722,,,,,,,,,,,,,,,,,,
BAU,14,2046,,,,,,,,,,,,,175.94902,,,,,,,,,,,,,,,,,,
BAU,14,2046,,,,,,,,,,,,,21.787335,,,,,,,,,,,,,,,,,,
BAU,14,2046,,,,,,,,,,,,,5.3758154,,,,,,,,,,,,,,,,,,
BAU,14,2046,,,,,,,,,,,,,1.5607427,,,,,,,,,,,,,,,,,,
BAU,14,2046,,,,,,,,,,,,,8.9335111,,,,,,,,,,,,,,,,,,
BAU,14,2046,,,,,,,,,,,,,4.8483052,,,,,,,,,,,,,,,,,,
BAU,14,2046,,,,,,,,,,,,,1.0332083,,,,,,,,,,,,,,,,,,
BAU,14,2046,,,,,,,,,,,,,15.772173,,,,,,,,,,,,,,,,,,
BAU,14,2046,,,,,,,,,,,,,0.95200491,,,,,,,,,,,,,,,,,,
BAU,14,2046,,,,,,,,,,,,,7.7488576,,,,,,,,,,,,,,,,,,
BAU,14,2046,,,,,,,,,,,,,5.5841141,,,,,,,,,,,,,,,,,,
BAU,14,2046,,,,,,,,,,,,,0.71688117,,,,,,,,,,,,,,,,,,
BAU,14,2046,,,,,,,,,,,,,0.78443119,,,,,,,,,,,,,,,,,,
BAU,14,2046,,,,,,,,,,,,,0.26355508,,,,,,,,,,,,,,,,,,
BAU,14,2046,,,,,,,,,,,,,138.93195,,,,,,,,,,,,,,,,,,
BAU,14,2046,,,,,,,,,,,,,32.509615,,,,,,,,,,,,,,,,,,
BAU,14,2046,,,,,,,,,,,,,25.291498,,,,,,,,,,,,,,,,,,
BAU,14,2047,,,,,,,,,,,,,171.76863,,,,,,,,,,,,,,,,,,
BAU,14,2047,,,,,,,,,,,,,21.281824,,,,,,,,,,,,,,,,,,
BAU,14,2047,,,,,,,,,,,,,5.2164119,,,,,,,,,,,,,,,,,,
BAU,14,2047,,,,,,,,,,,,,1.635334,,,,,,,,,,,,,,,,,,
BAU,14,2047,,,,,,,,,,,,,9.3200417,,,,,,,,,,,,,,,,,,
BAU,14,2047,,,,,,,,,,,,,5.0589464,,,,,,,,,,,,,,,,,,
BAU,14,2047,,,,,,,,,,,,,1.1201824,,,,,,,,,,,,,,,,,,
BAU,14,2047,,,,,,,,,,,,,12.887658,,,,,,,,,,,,,,,,,,
BAU,14,2047,,,,,,,,,,,,,0.89392987,,,,,,,,,,,,,,,,,,
BAU,14,2047,,,,,,,,,,,,,6.7558191,,,,,,,,,,,,,,,,,,
BAU,14,2047,,,,,,,,,,,,,4.6471987,,,,,,,,,,,,,,,,,,
BAU,14,2047,,,,,,,,,,,,,0.83483893,,,,,,,,,,,,,,,,,,
BAU,14,2047,,,,,,,,,,,,,0.59339797,,,,,,,,,,,,,,,,,,
BAU,14,2047,,,,,,,,,,,,,0.25110819,,,,,,,,,,,,,,,,,,
BAU,14,2047,,,,,,,,,,,,,136.02838,,,,,,,,,,,,,,,,,,
BAU,14,2047,,,,,,,,,,,,,31.486352,,,,,,,,,,,,,,,,,,
BAU,14,2047,,,,,,,,,,,,,25.017091,,,,,,,,,,,,,,,,,,
BAU,14,2048,,,,,,,,,,,,,189.01122,,,,,,,,,,,,,,,,,,
BAU,14,2048,,,,,,,,,,,,,20.817338,,,,,,,,,,,,,,,,,,
BAU,14,2048,,,,,,,,,,,,,5.7624815,,,,,,,,,,,,,,,,,,
BAU,14,2048,,,,,,,,,,,,,1.5705776,,,,,,,,,,,,,,,,,,
BAU,14,2048,,,,,,,,,,,,,9.4594715,,,,,,,,,,,,,,,,,,
BAU,14,2048,,,,,,,,,,,,,6.5148073,,,,,,,,,,,,,,,,,,
BAU,14,2048,,,,,,,,,,,,,1.0996081,,,,,,,,,,,,,,,,,,
BAU,14,2048,,,,,,,,,,,,,11.620413,,,,,,,,,,,,,,,,,,
BAU,14,2048,,,,,,,,,,,,,0.89950901,,,,,,,,,,,,,,,,,,
BAU,14,2048,,,,,,,,,,,,,6.016599,,,,,,,,,,,,,,,,,,
BAU,14,2048,,,,,,,,,,,,,4.1674046,,,,,,,,,,,,,,,,,,
BAU,14,2048,,,,,,,,,,,,,0.7954406,,,,,,,,,,,,,,,,,,
BAU,14,2048,,,,,,,,,,,,,0.45480409,,,,,,,,,,,,,,,,,,
BAU,14,2048,,,,,,,,,,,,,147.3042,,,,,,,,,,,,,,,,,,
BAU,14,2048,,,,,,,,,,,,,33.747062,,,,,,,,,,,,,,,,,,
BAU,14,2048,,,,,,,,,,,,,26.844381,,,,,,,,,,,,,,,,,,
BAU,14,2049,,,,,,,,,,,,,167.76767,,,,,,,,,,,,,,,,,,
BAU,14,2049,,,,,,,,,,,,,20.309693,,,,,,,,,,,,,,,,,,
BAU,14,2049,,,,,,,,,,,,,5.0930599,,,,,,,,,,,,,,,,,,
BAU,14,2049,,,,,,,,,,,,,1.5501669,,,,,,,,,,,,,,,,,,
BAU,14,2049,,,,,,,,,,,,,8.9075696,,,,,,,,,,,,,,,,,,
BAU,14,2049,,,,,,,,,,,,,5.5482858,,,,,,,,,,,,,,,,,,
BAU,14,2049,,,,,,,,,,,,,1.1401057,,,,,,,,,,,,,,,,,,
BAU,14,2049,,,,,,,,,,,,,11.154637,,,,,,,,,,,,,,,,,,
BAU,14,2049,,,,,,,,,,,,,0.88349391,,,,,,,,,,,,,,,,,,
BAU,14,2049,,,,,,,,,,,,,5.889085,,,,,,,,,,,,,,,,,,
BAU,14,2049,,,,,,,,,,,,,4.0236912,,,,,,,,,,,,,,,,,,
BAU,14,2049,,,,,,,,,,,,,0.75790106,,,,,,,,,,,,,,,,,,
BAU,14,2049,,,,,,,,,,,,,0.65261299,,,,,,,,,,,,,,,,,,
BAU,14,2049,,,,,,,,,,,,,133.15521,,,,,,,,,,,,,,,,,,
BAU,14,2049,,,,,,,,,,,,,30.454928,,,,,,,,,,,,,,,,,,
BAU,14,2049,,,,,,,,,,,,,24.371268,,,,,,,,,,,,,,,,,,
BAU,14,2050,,,,,,,,,,,,,154.63318,,,,,,,,,,,,,,,,,,
BAU,14,2050,,,,,,,,,,,,,19.840277,,,,,,,,,,,,,,,,,,
BAU,14,2050,,,,,,,,,,,,,4.8058845,,,,,,,,,,,,,,,,,,
BAU,14,2050,,,,,,,,,,,,,1.2874016,,,,,,,,,,,,,,,,,,
BAU,14,2050,,,,,,,,,,,,,8.5286882,,,,,,,,,,,,,,,,,,
BAU,14,2050,,,,,,,,,,,,,4.8147748,,,,,,,,,,,,,,,,,,
BAU,14,2050,,,,,,,,,,,,,1.0275315,,,,,,,,,,,,,,,,,,
BAU,14,2050,,,,,,,,,,,,,9.9436028,,,,,,,,,,,,,,,,,,
BAU,14,2050,,,,,,,,,,,,,1.058455,,,,,,,,,,,,,,,,,,
BAU,14,2050,,,,,,,,,,,,,5.1784019,,,,,,,,,,,,,,,,,,
BAU,14,2050,,,,,,,,,,,,,3.4842347,,,,,,,,,,,,,,,,,,
BAU,14,2050,,,,,,,,,,,,,0.9190092,,,,,,,,,,,,,,,,,,
BAU,14,2050,,,,,,,,,,,,,0.36990848,,,,,,,,,,,,,,,,,,
BAU,14,2050,,,,,,,,,,,,,0.21716835,,,,,,,,,,,,,,,,,,
BAU,14,2050,,,,,,,,,,,,,123.89868,,,,,,,,,,,,,,,,,,
BAU,14,2050,,,,,,,,,,,,,28.414845,,,,,,,,,,,,,,,,,,
BAU,14,2050,,,,,,,,,,,,,23.087612,,,,,,,,,,,,,,,,,,
BAU,14,2051,,,,,,,,,,,,,276.97596,,,,,,,,,,,,,,,,,,
BAU,14,2051,,,,,,,,,,,,,11.204232,,,,,,,,,,,,,,,,,,
BAU,14,2051,,,,,,,,,,,,,8.4283319,,,,,,,,,,,,,,,,,,
BAU,14,2051,,,,,,,,,,,,,0.8498496,,,,,,,,,,,,,,,,,,
BAU,14,2051,,,,,,,,,,,,,10.617916,,,,,,,,,,,,,,,,,,
BAU,14,2051,,,,,,,,,,,,,3.9565534,,,,,,,,,,,,,,,,,,
BAU,14,2051,,,,,,,,,,,,,0.64333732,,,,,,,,,,,,,,,,,,
BAU,14,2051,,,,,,,,,,,,,9.1871735,,,,,,,,,,,,,,,,,,
BAU,14,2051,,,,,,,,,,,,,0.65890823,,,,,,,,,,,,,,,,,,
BAU,14,2051,,,,,,,,,,,,,4.9754479,,,,,,,,,,,,,,,,,,
BAU,14,2051,,,,,,,,,,,,,2.9335847,,,,,,,,,,,,,,,,,,
BAU,14,2051,,,,,,,,,,,,,0.56290892,,,,,,,,,,,,,,,,,,
BAU,14,2051,,,,,,,,,,,,,0.52219175,,,,,,,,,,,,,,,,,,
BAU,14,2051,,,,,,,,,,,,,179.37194,,,,,,,,,,,,,,,,,,
BAU,14,2051,,,,,,,,,,,,,49.951529,,,,,,,,,,,,,,,,,,
BAU,14,2051,,,,,,,,,,,,,30.269741,,,,,,,,,,,,,,,,,,
BAU,14,2052,,,,,,,,,,,,,289.5084,,,,,,,,,,,,,,,,,,
BAU,14,2052,,,,,,,,,,,,,10.878713,,,,,,,,,,,,,,,,,,
BAU,14,2052,,,,,,,,,,,,,8.8306803,,,,,,,,,,,,,,,,,,
BAU,14,2052,,,,,,,,,,,,,0.81595458,,,,,,,,,,,,,,,,,,
BAU,14,2052,,,,,,,,,,,,,14.891762,,,,,,,,,,,,,,,,,,
BAU,14,2052,,,,,,,,,,,,,5.7491565,,,,,,,,,,,,,,,,,,
BAU,14,2052,,,,,,,,,,,,,0.61294558,,,,,,,,,,,,,,,,,,
BAU,14,2052,,,,,,,,,,,,,9.4869006,,,,,,,,,,,,,,,,,,
BAU,14,2052,,,,,,,,,,,,,0.65901712,,,,,,,,,,,,,,,,,,
BAU,14,2052,,,,,,,,,,,,,4.5887577,,,,,,,,,,,,,,,,,,
BAU,14,2052,,,,,,,,,,,,,3.2034906,,,,,,,,,,,,,,,,,,
BAU,14,2052,,,,,,,,,,,,,0.71512304,,,,,,,,,,,,,,,,,,
BAU,14,2052,,,,,,,,,,,,,0.39390205,,,,,,,,,,,,,,,,,,
BAU,14,2052,,,,,,,,,,,,,198.62047,,,,,,,,,,,,,,,,,,
BAU,14,2052,,,,,,,,,,,,,49.716668,,,,,,,,,,,,,,,,,,
BAU,14,2052,,,,,,,,,,,,,33.698808,,,,,,,,,,,,,,,,,,
BAU,14,2053,,,,,,,,,,,,,249.6602,,,,,,,,,,,,,,,,,,
BAU,14,2053,,,,,,,,,,,,,10.659083,,,,,,,,,,,,,,,,,,
BAU,14,2053,,,,,,,,,,,,,7.6152639,,,,,,,,,,,,,,,,,,
BAU,14,2053,,,,,,,,,,,,,0.81896276,,,,,,,,,,,,,,,,,,
BAU,14,2053,,,,,,,,,,,,,9.9705656,,,,,,,,,,,,,,,,,,
BAU,14,2053,,,,,,,,,,,,,8.9145412,,,,,,,,,,,,,,,,,,
BAU,14,2053,,,,,,,,,,,,,0.55859887,,,,,,,,,,,,,,,,,,
BAU,14,2053,,,,,,,,,,,,,11.062251,,,,,,,,,,,,,,,,,,
BAU,14,2053,,,,,,,,,,,,,0.64932975,,,,,,,,,,,,,,,,,,
BAU,14,2053,,,,,,,,,,,,,5.5463878,,,,,,,,,,,,,,,,,,
BAU,14,2053,,,,,,,,,,,,,3.8822668,,,,,,,,,,,,,,,,,,
BAU,14,2053,,,,,,,,,,,,,0.45387347,,,,,,,,,,,,,,,,,,
BAU,14,2053,,,,,,,,,,,,,0.54742215,,,,,,,,,,,,,,,,,,
BAU,14,2053,,,,,,,,,,,,,0.3756566,,,,,,,,,,,,,,,,,,
BAU,14,2053,,,,,,,,,,,,,172.07687,,,,,,,,,,,,,,,,,,
BAU,14,2053,,,,,,,,,,,,,43.86252,,,,,,,,,,,,,,,,,,
BAU,14,2053,,,,,,,,,,,,,29.281124,,,,,,,,,,,,,,,,,,
BAU,14,2054,,,,,,,,,,,,,197.89723,,,,,,,,,,,,,,,,,,
BAU,14,2054,,,,,,,,,,,,,10.36893,,,,,,,,,,,,,,,,,,
BAU,14,2054,,,,,,,,,,,,,6.0388829,,,,,,,,,,,,,,,,,,
BAU,14,2054,,,,,,,,,,,,,0.82037079,,,,,,,,,,,,,,,,,,
BAU,14,2054,,,,,,,,,,,,,8.7410566,,,,,,,,,,,,,,,,,,
BAU,14,2054,,,,,,,,,,,,,5.8940582,,,,,,,,,,,,,,,,,,
BAU,14,2054,,,,,,,,,,,,,0.5559689,,,,,,,,,,,,,,,,,,
BAU,14,2054,,,,,,,,,,,,,10.674078,,,,,,,,,,,,,,,,,,
BAU,14,2054,,,,,,,,,,,,,0.64051742,,,,,,,,,,,,,,,,,,
BAU,14,2054,,,,,,,,,,,,,5.0589731,,,,,,,,,,,,,,,,,,
BAU,14,2054,,,,,,,,,,,,,3.8326418,,,,,,,,,,,,,,,,,,
BAU,14,2054,,,,,,,,,,,,,0.64814376,,,,,,,,,,,,,,,,,,
BAU,14,2054,,,,,,,,,,,,,0.45068391,,,,,,,,,,,,,,,,,,
BAU,14,2054,,,,,,,,,,,,,137.54372,,,,,,,,,,,,,,,,,,
BAU,14,2054,,,,,,,,,,,,,37.02157,,,,,,,,,,,,,,,,,,
BAU,14,2054,,,,,,,,,,,,,22.806296,,,,,,,,,,,,,,,,,,
BAU,14,2055,,,,,,,,,,,,,182.32094,,,,,,,,,,,,,,,,,,
BAU,14,2055,,,,,,,,,,,,,10.142273,,,,,,,,,,,,,,,,,,
BAU,14,2055,,,,,,,,,,,,,5.5438758,,,,,,,,,,,,,,,,,,
BAU,14,2055,,,,,,,,,,,,,0.82029811,,,,,,,,,,,,,,,,,,
BAU,14,2055,,,,,,,,,,,,,8.3577136,,,,,,,,,,,,,,,,,,
BAU,14,2055,,,,,,,,,,,,,5.0662336,,,,,,,,,,,,,,,,,,
BAU,14,2055,,,,,,,,,,,,,0.52929255,,,,,,,,,,,,,,,,,,
BAU,14,2055,,,,,,,,,,,,,9.3497908,,,,,,,,,,,,,,,,,,
BAU,14,2055,,,,,,,,,,,,,0.65941789,,,,,,,,,,,,,,,,,,
BAU,14,2055,,,,,,,,,,,,,4.5237114,,,,,,,,,,,,,,,,,,
BAU,14,2055,,,,,,,,,,,,,3.2451362,,,,,,,,,,,,,,,,,,
BAU,14,2055,,,,,,,,,,,,,0.6170447,,,,,,,,,,,,,,,,,,
BAU,14,2055,,,,,,,,,,,,,0.38744517,,,,,,,,,,,,,,,,,,
BAU,14,2055,,,,,,,,,,,,,0.17023608,,,,,,,,,,,,,,,,,,
BAU,14,2055,,,,,,,,,,,,,126.94458,,,,,,,,,,,,,,,,,,
BAU,14,2055,,,,,,,,,,,,,34.383378,,,,,,,,,,,,,,,,,,
BAU,14,2055,,,,,,,,,,,,,21.333106,,,,,,,,,,,,,,,,,,
BAU,14,2021,DIST_DSL,E1DSL,,,,,,,,,,,,,,,,,9.3141242,9.3141242,,,,,,,,,,,
BAU,14,2022,DIST_DSL,E1DSL,,,,,,,,,,,,,,,,,10.088475,10.088475,,,,,,,,,,,
BAU,14,2023,DIST_DSL,E1DSL,,,,,,,,,,,,,,,,,10.558755,10.558755,,,,,,,,,,,
BAU,14,2024,DIST_DSL,E1DSL,,,,,,,,,,,,,,,,,10.76274,10.76274,,,,,,,,,,,
BAU,14,2025,DIST_DSL,E1DSL,,,,,,,,,,,,,,,,,10.970848,10.970848,,,,,,,,,,,
BAU,14,2026,DIST_DSL,E1DSL,,,,,,,,,,,,,,,,,11.139703,11.139703,,,,,,,,,,,
BAU,14,2027,DIST_DSL,E1DSL,,,,,,,,,,,,,,,,,11.228357,11.228357,,,,,,,,,,,
BAU,14,2028,DIST_DSL,E1DSL,,,,,,,,,,,,,,,,,11.391369,11.391369,,,,,,,,,,,
BAU,14,2029,DIST_DSL,E1DSL,,,,,,,,,,,,,,,,,11.558019,11.558019,,,,,,,,,,,
BAU,14,2030,DIST_DSL,E1DSL,,,,,,,,,,,,,,,,,11.726702,11.726702,,,,,,,,,,,
BAU,14,2031,DIST_DSL,E1DSL,,,,,,,,,,,,,,,,,11.916995,11.916995,,,,,,,,,,,
BAU,14,2032,DIST_DSL,E1DSL,,,,,,,,,,,,,,,,,12.105116,12.105116,,,,,,,,,,,
BAU,14,2033,DIST_DSL,E1DSL,,,,,,,,,,,,,,,,,12.290591,12.290591,,,,,,,,,,,
BAU,14,2034,DIST_DSL,E1DSL,,,,,,,,,,,,,,,,,12.474643,12.474643,,,,,,,,,,,
BAU,14,2035,DIST_DSL,E1DSL,,,,,,,,,,,,,,,,,12.657447,12.657447,,,,,,,,,,,
BAU,14,2036,DIST_DSL,E1DSL,,,,,,,,,,,,,,,,,12.887042,12.887042,,,,,,,,,,,
BAU,14,2037,DIST_DSL,E1DSL,,,,,,,,,,,,,,,,,13.159956,13.159956,,,,,,,,,,,
BAU,14,2038,DIST_DSL,E1DSL,,,,,,,,,,,,,,,,,13.386164,13.386164,,,,,,,,,,,
BAU,14,2039,DIST_DSL,E1DSL,,,,,,,,,,,,,,,,,13.610088,13.610088,,,,,,,,,,,
BAU,14,2040,DIST_DSL,E1DSL,,,,,,,,,,,,,,,,,13.830349,13.830349,,,,,,,,,,,
BAU,14,2041,DIST_DSL,E1DSL,,,,,,,,,,,,,,,,,14.189998,14.189998,,,,,,,,,,,
BAU,14,2042,DIST_DSL,E1DSL,,,,,,,,,,,,,,,,,14.547889,14.547889,,,,,,,,,,,
BAU,14,2043,DIST_DSL,E1DSL,,,,,,,,,,,,,,,,,14.910873,14.910873,,,,,,,,,,,
BAU,14,2044,DIST_DSL,E1DSL,,,,,,,,,,,,,,,,,15.273397,15.273397,,,,,,,,,,,
BAU,14,2045,DIST_DSL,E1DSL,,,,,,,,,,,,,,,,,15.640266,15.640266,,,,,,,,,,,
BAU,14,2046,DIST_DSL,E1DSL,,,,,,,,,,,,,,,,,16.048595,16.048595,,,,,,,,,,,
BAU,14,2047,DIST_DSL,E1DSL,,,,,,,,,,,,,,,,,16.468045,16.468045,,,,,,,,,,,
BAU,14,2048,DIST_DSL,E1DSL,,,,,,,,,,,,,,,,,16.890931,16.890931,,,,,,,,,,,
BAU,14,2049,DIST_DSL,E1DSL,,,,,,,,,,,,,,,,,17.317329,17.317329,,,,,,,,,,,
BAU,14,2050,DIST_DSL,E1DSL,,,,,,,,,,,,,,,,,17.745323,17.745323,,,,,,,,,,,
BAU,14,2051,DIST_DSL,E1DSL,,,,,,,,,,,,,,,,,18.121293,18.121293,,,,,,,,,,,
BAU,14,2052,DIST_DSL,E1DSL,,,,,,,,,,,,,,,,,18.503681,18.503681,,,,,,,,,,,
BAU,14,2053,DIST_DSL,E1DSL,,,,,,,,,,,,,,,,,18.895949,18.895949,,,,,,,,,,,
BAU,14,2054,DIST_DSL,E1DSL,,,,,,,,,,,,,,,,,19.294027,19.294027,,,,,,,,,,,
BAU,14,2055,DIST_DSL,E1DSL,,,,,,,,,,,,,,,,,19.701066,19.701066,,,,,,,,,,,
BAU,14,2021,DIST_GSL,E1GSL,,,,,,,,,,,,,,,,,20.878045,20.878045,,,,,,,,,,,
BAU,14,2022,DIST_GSL,E1GSL,,,,,,,,,,,,,,,,,22.576075,22.576075,,,,,,,,,,,
BAU,14,2023,DIST_GSL,E1GSL,,,,,,,,,,,,,,,,,23.629716,23.629716,,,,,,,,,,,
BAU,14,2024,DIST_GSL,E1GSL,,,,,,,,,,,,,,,,,24.082654,24.082654,,,,,,,,,,,
BAU,14,2025,DIST_GSL,E1GSL,,,,,,,,,,,,,,,,,24.54924,24.54924,,,,,,,,,,,
BAU,14,2026,DIST_GSL,E1GSL,,,,,,,,,,,,,,,,,24.925077,24.925077,,,,,,,,,,,
BAU,14,2027,DIST_GSL,E1GSL,,,,,,,,,,,,,,,,,25.197644,25.197644,,,,,,,,,,,
BAU,14,2028,DIST_GSL,E1GSL,,,,,,,,,,,,,,,,,25.477884,25.477884,,,,,,,,,,,
BAU,14,2029,DIST_GSL,E1GSL,,,,,,,,,,,,,,,,,25.746492,25.746492,,,,,,,,,,,
BAU,14,2030,DIST_GSL,E1GSL,,,,,,,,,,,,,,,,,26.005296,26.005296,,,,,,,,,,,
BAU,14,2031,DIST_GSL,E1GSL,,,,,,,,,,,,,,,,,26.295859,26.295859,,,,,,,,,,,
BAU,14,2032,DIST_GSL,E1GSL,,,,,,,,,,,,,,,,,26.580145,26.580145,,,,,,,,,,,
BAU,14,2033,DIST_GSL,E1GSL,,,,,,,,,,,,,,,,,26.856574,26.856574,,,,,,,,,,,
BAU,14,2034,DIST_GSL,E1GSL,,,,,,,,,,,,,,,,,27.125161,27.125161,,,,,,,,,,,
BAU,14,2035,DIST_GSL,E1GSL,,,,,,,,,,,,,,,,,27.38704,27.38704,,,,,,,,,,,
BAU,14,2036,DIST_GSL,E1GSL,,,,,,,,,,,,,,,,,27.7494,27.7494,,,,,,,,,,,
BAU,14,2037,DIST_GSL,E1GSL,,,,,,,,,,,,,,,,,28.055567,28.055567,,,,,,,,,,,
BAU,14,2038,DIST_GSL,E1GSL,,,,,,,,,,,,,,,,,28.398305,28.398305,,,,,,,,,,,
BAU,14,2039,DIST_GSL,E1GSL,,,,,,,,,,,,,,,,,28.734572,28.734572,,,,,,,,,,,
BAU,14,2040,DIST_GSL,E1GSL,,,,,,,,,,,,,,,,,29.059013,29.059013,,,,,,,,,,,
BAU,14,2041,DIST_GSL,E1GSL,,,,,,,,,,,,,,,,,29.567996,29.567996,,,,,,,,,,,
BAU,14,2042,DIST_GSL,E1GSL,,,,,,,,,,,,,,,,,30.071288,30.071288,,,,,,,,,,,
BAU,14,2043,DIST_GSL,E1GSL,,,,,,,,,,,,,,,,,30.56557,30.56557,,,,,,,,,,,
BAU,14,2044,DIST_GSL,E1GSL,,,,,,,,,,,,,,,,,31.054894,31.054894,,,,,,,,,,,
BAU,14,2045,DIST_GSL,E1GSL,,,,,,,,,,,,,,,,,31.538833,31.538833,,,,,,,,,,,
BAU,14,2046,DIST_GSL,E1GSL,,,,,,,,,,,,,,,,,32.084157,32.084157,,,,,,,,,,,
BAU,14,2047,DIST_GSL,E1GSL,,,,,,,,,,,,,,,,,32.624154,32.624154,,,,,,,,,,,
BAU,14,2048,DIST_GSL,E1GSL,,,,,,,,,,,,,,,,,33.156269,33.156269,,,,,,,,,,,
BAU,14,2049,DIST_GSL,E1GSL,,,,,,,,,,,,,,,,,33.681382,33.681382,,,,,,,,,,,
BAU,14,2050,DIST_GSL,E1GSL,,,,,,,,,,,,,,,,,34.202482,34.202482,,,,,,,,,,,
BAU,14,2051,DIST_GSL,E1GSL,,,,,,,,,,,,,,,,,34.790659,34.790659,,,,,,,,,,,
BAU,14,2052,DIST_GSL,E1GSL,,,,,,,,,,,,,,,,,35.388889,35.388889,,,,,,,,,,,
BAU,14,2053,DIST_GSL,E1GSL,,,,,,,,,,,,,,,,,35.997632,35.997632,,,,,,,,,,,
BAU,14,2054,DIST_GSL,E1GSL,,,,,,,,,,,,,,,,,36.614821,36.614821,,,,,,,,,,,
BAU,14,2055,DIST_GSL,E1GSL,,,,,,,,,,,,,,,,,37.243971,37.243971,,,,,,,,,,,
BAU,14,2021,DIST_FOI,E1FO1,,,,,,,,,,,,,,,,,1.3621228,1.3621228,,,,,,,,,,,
BAU,14,2022,DIST_FOI,E1FO1,,,,,,,,,,,,,,,,,1.4736919,1.4736919,,,,,,,,,,,
BAU,14,2023,DIST_FOI,E1FO1,,,,,,,,,,,,,,,,,1.5424107,1.5424107,,,,,,,,,,,
BAU,14,2024,DIST_FOI,E1FO1,,,,,,,,,,,,,,,,,1.5719061,1.5719061,,,,,,,,,,,
BAU,14,2025,DIST_FOI,E1FO1,,,,,,,,,,,,,,,,,1.602427,1.602427,,,,,,,,,,,
BAU,14,2026,DIST_FOI,E1FO1,,,,,,,,,,,,,,,,,1.6465606,1.6465606,,,,,,,,,,,
BAU,14,2027,DIST_FOI,E1FO1,,,,,,,,,,,,,,,,,1.7052858,1.7052858,,,,,,,,,,,
BAU,14,2028,DIST_FOI,E1FO1,,,,,,,,,,,,,,,,,1.7503128,1.7503128,,,,,,,,,,,
BAU,14,2029,DIST_FOI,E1FO1,,,,,,,,,,,,,,,,,1.795946,1.795946,,,,,,,,,,,
BAU,14,2030,DIST_FOI,E1FO1,,,,,,,,,,,,,,,,,1.8421006,1.8421006,,,,,,,,,,,
BAU,14,2031,DIST_FOI,E1FO1,,,,,,,,,,,,,,,,,1.8924304,1.8924304,,,,,,,,,,,
BAU,14,2032,DIST_FOI,E1FO1,,,,,,,,,,,,,,,,,1.943635,1.943635,,,,,,,,,,,
BAU,14,2033,DIST_FOI,E1FO1,,,,,,,,,,,,,,,,,1.9954562,1.9954562,,,,,,,,,,,
BAU,14,2034,DIST_FOI,E1FO1,,,,,,,,,,,,,,,,,2.0476974,2.0476974,,,,,,,,,,,
BAU,14,2035,DIST_FOI,E1FO1,,,,,,,,,,,,,,,,,2.100473,2.100473,,,,,,,,,,,
BAU,14,2036,DIST_FOI,E1FO1,,,,,,,,,,,,,,,,,2.1624084,2.1624084,,,,,,,,,,,
BAU,14,2037,DIST_FOI,E1FO1,,,,,,,,,,,,,,,,,2.2251038,2.2251038,,,,,,,,,,,
BAU,14,2038,DIST_FOI,E1FO1,,,,,,,,,,,,,,,,,2.2884611,2.2884611,,,,,,,,,,,
BAU,14,2039,DIST_FOI,E1FO1,,,,,,,,,,,,,,,,,2.3525294,2.3525294,,,,,,,,,,,
BAU,14,2040,DIST_FOI,E1FO1,,,,,,,,,,,,,,,,,2.4175832,2.4175832,,,,,,,,,,,
BAU,14,2041,DIST_FOI,E1FO1,,,,,,,,,,,,,,,,,2.4638163,2.4638163,,,,,,,,,,,
BAU,14,2042,DIST_FOI,E1FO1,,,,,,,,,,,,,,,,,2.5099034,2.5099034,,,,,,,,,,,
BAU,14,2043,DIST_FOI,E1FO1,,,,,,,,,,,,,,,,,2.5552506,2.5552506,,,,,,,,,,,
BAU,14,2044,DIST_FOI,E1FO1,,,,,,,,,,,,,,,,,2.6001708,2.6001708,,,,,,,,,,,
BAU,14,2045,DIST_FOI,E1FO1,,,,,,,,,,,,,,,,,2.6446565,2.6446565,,,,,,,,,,,
BAU,14,2046,DIST_FOI,E1FO1,,,,,,,,,,,,,,,,,2.6948135,2.6948135,,,,,,,,,,,
BAU,14,2047,DIST_FOI,E1FO1,,,,,,,,,,,,,,,,,2.7441546,2.7441546,,,,,,,,,,,
BAU,14,2048,DIST_FOI,E1FO1,,,,,,,,,,,,,,,,,2.7931721,2.7931721,,,,,,,,,,,
BAU,14,2049,DIST_FOI,E1FO1,,,,,,,,,,,,,,,,,2.8416722,2.8416722,,,,,,,,,,,
BAU,14,2050,DIST_FOI,E1FO1,,,,,,,,,,,,,,,,,2.8895549,2.8895549,,,,,,,,,,,
BAU,14,2051,DIST_FOI,E1FO1,,,,,,,,,,,,,,,,,2.9503749,2.9503749,,,,,,,,,,,
BAU,14,2052,DIST_FOI,E1FO1,,,,,,,,,,,,,,,,,3.0127186,3.0127186,,,,,,,,,,,
BAU,14,2053,DIST_FOI,E1FO1,,,,,,,,,,,,,,,,,3.0762145,3.0762145,,,,,,,,,,,
BAU,14,2054,DIST_FOI,E1FO1,,,,,,,,,,,,,,,,,3.1409568,3.1409568,,,,,,,,,,,
BAU,14,2055,DIST_FOI,E1FO1,,,,,,,,,,,,,,,,,3.2072352,3.2072352,,,,,,,,,,,
BAU,14,2021,DIST_KER,E1KER,,,,,,,,,,,,,,,,,1.0819,1.0819,,,,,,,,,,,
BAU,14,2022,DIST_KER,E1KER,,,,,,,,,,,,,,,,,1.1705,1.1705,,,,,,,,,,,
BAU,14,2023,DIST_KER,E1KER,,,,,,,,,,,,,,,,,1.2251,1.2251,,,,,,,,,,,
BAU,14,2024,DIST_KER,E1KER,,,,,,,,,,,,,,,,,1.2486,1.2486,,,,,,,,,,,
BAU,14,2025,DIST_KER,E1KER,,,,,,,,,,,,,,,,,1.2728,1.2728,,,,,,,,,,,
BAU,14,2026,DIST_KER,E1KER,,,,,,,,,,,,,,,,,1.2973,1.2973,,,,,,,,,,,
BAU,14,2027,DIST_KER,E1KER,,,,,,,,,,,,,,,,,1.3218,1.3218,,,,,,,,,,,
BAU,14,2028,DIST_KER,E1KER,,,,,,,,,,,,,,,,,1.3463,1.3463,,,,,,,,,,,
BAU,14,2029,DIST_KER,E1KER,,,,,,,,,,,,,,,,,1.3708,1.3708,,,,,,,,,,,
BAU,14,2030,DIST_KER,E1KER,,,,,,,,,,,,,,,,,1.3953,1.3953,,,,,,,,,,,
BAU,14,2031,DIST_KER,E1KER,,,,,,,,,,,,,,,,,1.4226,1.4226,,,,,,,,,,,
BAU,14,2032,DIST_KER,E1KER,,,,,,,,,,,,,,,,,1.45,1.45,,,,,,,,,,,
BAU,14,2033,DIST_KER,E1KER,,,,,,,,,,,,,,,,,1.4773,1.4773,,,,,,,,,,,
BAU,14,2034,DIST_KER,E1KER,,,,,,,,,,,,,,,,,1.5046,1.5046,,,,,,,,,,,
BAU,14,2035,DIST_KER,E1KER,,,,,,,,,,,,,,,,,1.5319,1.5319,,,,,,,,,,,
BAU,14,2036,DIST_KER,E1KER,,,,,,,,,,,,,,,,,1.5653,1.5653,,,,,,,,,,,
BAU,14,2037,DIST_KER,E1KER,,,,,,,,,,,,,,,,,1.5987,1.5987,,,,,,,,,,,
BAU,14,2038,DIST_KER,E1KER,,,,,,,,,,,,,,,,,1.6321,1.6321,,,,,,,,,,,
BAU,14,2039,DIST_KER,E1KER,,,,,,,,,,,,,,,,,1.6655,1.6655,,,,,,,,,,,
BAU,14,2040,DIST_KER,E1KER,,,,,,,,,,,,,,,,,1.6989,1.6989,,,,,,,,,,,
BAU,14,2041,DIST_KER,E1KER,,,,,,,,,,,,,,,,,1.7383,1.7383,,,,,,,,,,,
BAU,14,2042,DIST_KER,E1KER,,,,,,,,,,,,,,,,,1.7777,1.7777,,,,,,,,,,,
BAU,14,2043,DIST_KER,E1KER,,,,,,,,,,,,,,,,,1.817,1.817,,,,,,,,,,,
BAU,14,2044,DIST_KER,E1KER,,,,,,,,,,,,,,,,,1.8564,1.8564,,,,,,,,,,,
BAU,14,2045,DIST_KER,E1KER,,,,,,,,,,,,,,,,,1.8958,1.8958,,,,,,,,,,,
BAU,14,2046,DIST_KER,E1KER,,,,,,,,,,,,,,,,,1.9395,1.9395,,,,,,,,,,,
BAU,14,2047,DIST_KER,E1KER,,,,,,,,,,,,,,,,,1.9832,1.9832,,,,,,,,,,,
BAU,14,2048,DIST_KER,E1KER,,,,,,,,,,,,,,,,,2.0269,2.0269,,,,,,,,,,,
BAU,14,2049,DIST_KER,E1KER,,,,,,,,,,,,,,,,,2.0706,2.0706,,,,,,,,,,,
BAU,14,2050,DIST_KER,E1KER,,,,,,,,,,,,,,,,,2.1143,2.1143,,,,,,,,,,,
BAU,14,2051,DIST_KER,E1KER,,,,,,,,,,,,,,,,,2.1589,2.1589,,,,,,,,,,,
BAU,14,2052,DIST_KER,E1KER,,,,,,,,,,,,,,,,,2.2045,2.2045,,,,,,,,,,,
BAU,14,2053,DIST_KER,E1KER,,,,,,,,,,,,,,,,,2.251,2.251,,,,,,,,,,,
BAU,14,2054,DIST_KER,E1KER,,,,,,,,,,,,,,,,,2.2985,2.2985,,,,,,,,,,,
BAU,14,2055,DIST_KER,E1KER,,,,,,,,,,,,,,,,,2.347,2.347,,,,,,,,,,,
BAU,14,2026,IMP_ELE,E1ELE,,,,,,,,,,,,,,,,,0.0082476,0.0082476,,,,,,,,,,,
BAU,14,2027,IMP_ELE,E1ELE,,,,,,,,,,,,,,,,,0.01625562,0.01625562,,,,,,,,,,,
BAU,14,2028,IMP_ELE,E1ELE,,,,,,,,,,,,,,,,,0.02521338,0.02521338,,,,,,,,,,,
BAU,14,2029,IMP_ELE,E1ELE,,,,,,,,,,,,,,,,,0.0348564,0.0348564,,,,,,,,,,,
BAU,14,2030,IMP_ELE,E1ELE,,,,,,,,,,,,,,,,,0.04468651,0.04468651,,,,,,,,,,,
BAU,14,2031,IMP_ELE,E1ELE,,,,,,,,,,,,,,,,,0.05735428,0.05735428,,,,,,,,,,,
BAU,14,2032,IMP_ELE,E1ELE,,,,,,,,,,,,,,,,,0.07061053,0.07061053,,,,,,,,,,,
BAU,14,2033,IMP_ELE,E1ELE,,,,,,,,,,,,,,,,,0.08440081,0.08440081,,,,,,,,,,,
BAU,14,2034,IMP_ELE,E1ELE,,,,,,,,,,,,,,,,,0.09873211,0.09873211,,,,,,,,,,,
BAU,14,2035,IMP_ELE,E1ELE,,,,,,,,,,,,,,,,,0.11417904,0.11417904,,,,,,,,,,,
BAU,14,2036,IMP_ELE,E1ELE,,,,,,,,,,,,,,,,,0.13025462,0.13025462,,,,,,,,,,,
BAU,14,2037,IMP_ELE,E1ELE,,,,,,,,,,,,,,,,,0.14753716,0.14753716,,,,,,,,,,,
BAU,14,2038,IMP_ELE,E1ELE,,,,,,,,,,,,,,,,,0.16526017,0.16526017,,,,,,,,,,,
BAU,14,2039,IMP_ELE,E1ELE,,,,,,,,,,,,,,,,,0.1838395,0.1838395,,,,,,,,,,,
BAU,14,2040,IMP_ELE,E1ELE,,,,,,,,,,,,,,,,,0.20382018,0.20382018,,,,,,,,,,,
BAU,14,2041,IMP_ELE,E1ELE,,,,,,,,,,,,,,,,,0.22430697,0.22430697,,,,,,,,,,,
BAU,14,2042,IMP_ELE,E1ELE,,,,,,,,,,,,,,,,,0.2464838,0.2464838,,,,,,,,,,,
BAU,14,2043,IMP_ELE,E1ELE,,,,,,,,,,,,,,,,,0.26932307,0.26932307,,,,,,,,,,,
BAU,14,2044,IMP_ELE,E1ELE,,,,,,,,,,,,,,,,,0.29314044,0.29314044,,,,,,,,,,,
BAU,14,2045,IMP_ELE,E1ELE,,,,,,,,,,,,,,,,,0.31755465,0.31755465,,,,,,,,,,,
BAU,14,2046,IMP_ELE,E1ELE,,,,,,,,,,,,,,,,,0.34337089,0.34337089,,,,,,,,,,,
BAU,14,2047,IMP_ELE,E1ELE,,,,,,,,,,,,,,,,,0.37076878,0.37076878,,,,,,,,,,,
BAU,14,2048,IMP_ELE,E1ELE,,,,,,,,,,,,,,,,,0.39941296,0.39941296,,,,,,,,,,,
BAU,14,2049,IMP_ELE,E1ELE,,,,,,,,,,,,,,,,,0.42840606,0.42840606,,,,,,,,,,,
BAU,14,2050,IMP_ELE,E1ELE,,,,,,,,,,,,,,,,,0.45863211,0.45863211,,,,,,,,,,,
BAU,14,2051,IMP_ELE,E1ELE,,,,,,,,,,,,,,,,,0.47073036,0.47073036,,,,,,,,,,,
BAU,14,2052,IMP_ELE,E1ELE,,,,,,,,,,,,,,,,,0.48373798,0.48373798,,,,,,,,,,,
BAU,14,2053,IMP_ELE,E1ELE,,,,,,,,,,,,,,,,,0.49572972,0.49572972,,,,,,,,,,,
BAU,14,2054,IMP_ELE,E1ELE,,,,,,,,,,,,,,,,,0.50931246,0.50931246,,,,,,,,,,,
BAU,14,2055,IMP_ELE,E1ELE,,,,,,,,,,,,,,,,,0.52296823,0.52296823,,,,,,,,,,,
BAU,14,2021,T4DSL_PRI,E4DSL_PRI,,,,,,,,,,,,,,,,,0.40072032,0.40072032,,,,,,,,,,,
BAU,14,2022,T4DSL_PRI,E4DSL_PRI,,,,,,,,,,,,,,,,,0.44540496,0.44540496,,,,,,,,,,,
BAU,14,2023,T4DSL_PRI,E4DSL_PRI,,,,,,,,,,,,,,,,,0.46594548,0.46594548,,,,,,,,,,,
BAU,14,2024,T4DSL_PRI,E4DSL_PRI,,,,,,,,,,,,,,,,,0.47531484,0.47531484,,,,,,,,,,,
BAU,14,2025,T4DSL_PRI,E4DSL_PRI,,,,,,,,,,,,,,,,,0.48432384,0.48432384,,,,,,,,,,,
BAU,14,2026,T4DSL_PRI,E4DSL_PRI,,,,,,,,,,,,,,,,,0.52576524,0.52576524,,,,,,,,,,,
BAU,14,2027,T4DSL_PRI,E4DSL_PRI,,,,,,,,,,,,,,,,,0.5616312,0.5616312,,,,,,,,,,,
BAU,14,2028,T4DSL_PRI,E4DSL_PRI,,,,,,,,,,,,,,,,,0.59670912,0.59670912,,,,,,,,,,,
BAU,14,2029,T4DSL_PRI,E4DSL_PRI,,,,,,,,,,,,,,,,,0.63926586,0.63926586,,,,,,,,,,,
BAU,14,2030,T4DSL_PRI,E4DSL_PRI,,,,,,,,,,,,,,,,,0.686049,0.686049,,,,,,,,,,,
BAU,14,2031,T4DSL_PRI,E4DSL_PRI,,,,,,,,,,,,,,,,,0.73491483,0.73491483,,,,,,,,,,,
BAU,14,2032,T4DSL_PRI,E4DSL_PRI,,,,,,,,,,,,,,,,,0.78510103,0.78510103,,,,,,,,,,,
BAU,14,2033,T4DSL_PRI,E4DSL_PRI,,,,,,,,,,,,,,,,,0.83590665,0.83590665,,,,,,,,,,,
BAU,14,2034,T4DSL_PRI,E4DSL_PRI,,,,,,,,,,,,,,,,,0.88804495,0.88804495,,,,,,,,,,,
BAU,14,2035,T4DSL_PRI,E4DSL_PRI,,,,,,,,,,,,,,,,,0.94151185,0.94151185,,,,,,,,,,,
BAU,14,2036,T4DSL_PRI,E4DSL_PRI,,,,,,,,,,,,,,,,,0.999516,0.999516,,,,,,,,,,,
BAU,14,2037,T4DSL_PRI,E4DSL_PRI,,,,,,,,,,,,,,,,,1.1037698,1.1037698,,,,,,,,,,,
BAU,14,2038,T4DSL_PRI,E4DSL_PRI,,,,,,,,,,,,,,,,,1.1657809,1.1657809,,,,,,,,,,,
BAU,14,2039,T4DSL_PRI,E4DSL_PRI,,,,,,,,,,,,,,,,,1.228062,1.228062,,,,,,,,,,,
BAU,14,2040,T4DSL_PRI,E4DSL_PRI,,,,,,,,,,,,,,,,,1.2923231,1.2923231,,,,,,,,,,,
BAU,14,2041,T4DSL_PRI,E4DSL_PRI,,,,,,,,,,,,,,,,,1.3102726,1.3102726,,,,,,,,,,,
BAU,14,2042,T4DSL_PRI,E4DSL_PRI,,,,,,,,,,,,,,,,,1.3271207,1.3271207,,,,,,,,,,,
BAU,14,2043,T4DSL_PRI,E4DSL_PRI,,,,,,,,,,,,,,,,,1.3446432,1.3446432,,,,,,,,,,,
BAU,14,2044,T4DSL_PRI,E4DSL_PRI,,,,,,,,,,,,,,,,,1.3610669,1.3610669,,,,,,,,,,,
BAU,14,2045,T4DSL_PRI,E4DSL_PRI,,,,,,,,,,,,,,,,,1.3774566,1.3774566,,,,,,,,,,,
BAU,14,2046,T4DSL_PRI,E4DSL_PRI,,,,,,,,,,,,,,,,,1.3991161,1.3991161,,,,,,,,,,,
BAU,14,2047,T4DSL_PRI,E4DSL_PRI,,,,,,,,,,,,,,,,,1.4270896,1.4270896,,,,,,,,,,,
BAU,14,2048,T4DSL_PRI,E4DSL_PRI,,,,,,,,,,,,,,,,,1.454695,1.454695,,,,,,,,,,,
BAU,14,2049,T4DSL_PRI,E4DSL_PRI,,,,,,,,,,,,,,,,,1.4825568,1.4825568,,,,,,,,,,,
BAU,14,2050,T4DSL_PRI,E4DSL_PRI,,,,,,,,,,,,,,,,,1.5103622,1.5103622,,,,,,,,,,,
BAU,14,2051,T4DSL_PRI,E4DSL_PRI,,,,,,,,,,,,,,,,,1.535648,1.535648,,,,,,,,,,,
BAU,14,2052,T4DSL_PRI,E4DSL_PRI,,,,,,,,,,,,,,,,,1.5619367,1.5619367,,,,,,,,,,,
BAU,14,2053,T4DSL_PRI,E4DSL_PRI,,,,,,,,,,,,,,,,,1.5881716,1.5881716,,,,,,,,,,,
BAU,14,2054,T4DSL_PRI,E4DSL_PRI,,,,,,,,,,,,,,,,,1.6150546,1.6150546,,,,,,,,,,,
BAU,14,2055,T4DSL_PRI,E4DSL_PRI,,,,,,,,,,,,,,,,,1.6425836,1.6425836,,,,,,,,,,,
BAU,14,2021,T4GSL_PRI,E4GSL_PRI,,,,,,,,,,,,,,,,,17.143098,17.143098,,,,,,,,,,,
BAU,14,2022,T4GSL_PRI,E4GSL_PRI,,,,,,,,,,,,,,,,,18.534601,18.534601,,,,,,,,,,,
BAU,14,2023,T4GSL_PRI,E4GSL_PRI,,,,,,,,,,,,,,,,,19.399787,19.399787,,,,,,,,,,,
BAU,14,2024,T4GSL_PRI,E4GSL_PRI,,,,,,,,,,,,,,,,,19.771476,19.771476,,,,,,,,,,,
BAU,14,2025,T4GSL_PRI,E4GSL_PRI,,,,,,,,,,,,,,,,,20.154526,20.154526,,,,,,,,,,,
BAU,14,2026,T4GSL_PRI,E4GSL_PRI,,,,,,,,,,,,,,,,,20.466993,20.466993,,,,,,,,,,,
BAU,14,2027,T4GSL_PRI,E4GSL_PRI,,,,,,,,,,,,,,,,,20.703068,20.703068,,,,,,,,,,,
BAU,14,2028,T4GSL_PRI,E4GSL_PRI,,,,,,,,,,,,,,,,,20.935407,20.935407,,,,,,,,,,,
BAU,14,2029,T4GSL_PRI,E4GSL_PRI,,,,,,,,,,,,,,,,,21.156552,21.156552,,,,,,,,,,,
BAU,14,2030,T4GSL_PRI,E4GSL_PRI,,,,,,,,,,,,,,,,,21.368632,21.368632,,,,,,,,,,,
BAU,14,2031,T4GSL_PRI,E4GSL_PRI,,,,,,,,,,,,,,,,,21.607399,21.607399,,,,,,,,,,,
BAU,14,2032,T4GSL_PRI,E4GSL_PRI,,,,,,,,,,,,,,,,,21.83979,21.83979,,,,,,,,,,,
BAU,14,2033,T4GSL_PRI,E4GSL_PRI,,,,,,,,,,,,,,,,,22.067055,22.067055,,,,,,,,,,,
BAU,14,2034,T4GSL_PRI,E4GSL_PRI,,,,,,,,,,,,,,,,,22.287181,22.287181,,,,,,,,,,,
BAU,14,2035,T4GSL_PRI,E4GSL_PRI,,,,,,,,,,,,,,,,,22.502481,22.502481,,,,,,,,,,,
BAU,14,2036,T4GSL_PRI,E4GSL_PRI,,,,,,,,,,,,,,,,,22.799405,22.799405,,,,,,,,,,,
BAU,14,2037,T4GSL_PRI,E4GSL_PRI,,,,,,,,,,,,,,,,,23.043024,23.043024,,,,,,,,,,,
BAU,14,2038,T4GSL_PRI,E4GSL_PRI,,,,,,,,,,,,,,,,,23.325,23.325,,,,,,,,,,,
BAU,14,2039,T4GSL_PRI,E4GSL_PRI,,,,,,,,,,,,,,,,,23.600515,23.600515,,,,,,,,,,,
BAU,14,2040,T4GSL_PRI,E4GSL_PRI,,,,,,,,,,,,,,,,,23.867381,23.867381,,,,,,,,,,,
BAU,14,2041,T4GSL_PRI,E4GSL_PRI,,,,,,,,,,,,,,,,,24.265272,24.265272,,,,,,,,,,,
BAU,14,2042,T4GSL_PRI,E4GSL_PRI,,,,,,,,,,,,,,,,,24.656996,24.656996,,,,,,,,,,,
BAU,14,2043,T4GSL_PRI,E4GSL_PRI,,,,,,,,,,,,,,,,,25.040805,25.040805,,,,,,,,,,,
BAU,14,2044,T4GSL_PRI,E4GSL_PRI,,,,,,,,,,,,,,,,,25.419212,25.419212,,,,,,,,,,,
BAU,14,2045,T4GSL_PRI,E4GSL_PRI,,,,,,,,,,,,,,,,,25.791545,25.791545,,,,,,,,,,,
BAU,14,2046,T4GSL_PRI,E4GSL_PRI,,,,,,,,,,,,,,,,,26.215005,26.215005,,,,,,,,,,,
BAU,14,2047,T4GSL_PRI,E4GSL_PRI,,,,,,,,,,,,,,,,,26.631964,26.631964,,,,,,,,,,,
BAU,14,2048,T4GSL_PRI,E4GSL_PRI,,,,,,,,,,,,,,,,,27.042182,27.042182,,,,,,,,,,,
BAU,14,2049,T4GSL_PRI,E4GSL_PRI,,,,,,,,,,,,,,,,,27.445063,27.445063,,,,,,,,,,,
BAU,14,2050,T4GSL_PRI,E4GSL_PRI,,,,,,,,,,,,,,,,,27.843602,27.843602,,,,,,,,,,,
BAU,14,2051,T4GSL_PRI,E4GSL_PRI,,,,,,,,,,,,,,,,,28.315718,28.315718,,,,,,,,,,,
BAU,14,2052,T4GSL_PRI,E4GSL_PRI,,,,,,,,,,,,,,,,,28.7969,28.7969,,,,,,,,,,,
BAU,14,2053,T4GSL_PRI,E4GSL_PRI,,,,,,,,,,,,,,,,,29.285702,29.285702,,,,,,,,,,,
BAU,14,2054,T4GSL_PRI,E4GSL_PRI,,,,,,,,,,,,,,,,,29.781988,29.781988,,,,,,,,,,,
BAU,14,2055,T4GSL_PRI,E4GSL_PRI,,,,,,,,,,,,,,,,,30.286679,30.286679,,,,,,,,,,,
BAU,14,2026,T4ELE_PRI,E4ELE_PRI,,,,,,,,,,,,,,,,,0.005796,0.005796,,,,,,,,,,,
BAU,14,2027,T4ELE_PRI,E4ELE_PRI,,,,,,,,,,,,,,,,,0.01180518,0.01180518,,,,,,,,,,,
BAU,14,2028,T4ELE_PRI,E4ELE_PRI,,,,,,,,,,,,,,,,,0.01817012,0.01817012,,,,,,,,,,,
BAU,14,2029,T4ELE_PRI,E4ELE_PRI,,,,,,,,,,,,,,,,,0.02475851,0.02475851,,,,,,,,,,,
BAU,14,2030,T4ELE_PRI,E4ELE_PRI,,,,,,,,,,,,,,,,,0.03180123,0.03180123,,,,,,,,,,,
BAU,14,2031,T4ELE_PRI,E4ELE_PRI,,,,,,,,,,,,,,,,,0.04080649,0.04080649,,,,,,,,,,,
BAU,14,2032,T4ELE_PRI,E4ELE_PRI,,,,,,,,,,,,,,,,,0.05028562,0.05028562,,,,,,,,,,,
BAU,14,2033,T4ELE_PRI,E4ELE_PRI,,,,,,,,,,,,,,,,,0.06018466,0.06018466,,,,,,,,,,,
BAU,14,2034,T4ELE_PRI,E4ELE_PRI,,,,,,,,,,,,,,,,,0.07061946,0.07061946,,,,,,,,,,,
BAU,14,2035,T4ELE_PRI,E4ELE_PRI,,,,,,,,,,,,,,,,,0.08138975,0.08138975,,,,,,,,,,,
BAU,14,2036,T4ELE_PRI,E4ELE_PRI,,,,,,,,,,,,,,,,,0.09321286,0.09321286,,,,,,,,,,,
BAU,14,2037,T4ELE_PRI,E4ELE_PRI,,,,,,,,,,,,,,,,,0.1054734,0.1054734,,,,,,,,,,,
BAU,14,2038,T4ELE_PRI,E4ELE_PRI,,,,,,,,,,,,,,,,,0.11816082,0.11816082,,,,,,,,,,,
BAU,14,2039,T4ELE_PRI,E4ELE_PRI,,,,,,,,,,,,,,,,,0.13149376,0.13149376,,,,,,,,,,,
BAU,14,2040,T4ELE_PRI,E4ELE_PRI,,,,,,,,,,,,,,,,,0.14542364,0.14542364,,,,,,,,,,,
BAU,14,2041,T4ELE_PRI,E4ELE_PRI,,,,,,,,,,,,,,,,,0.16041261,0.16041261,,,,,,,,,,,
BAU,14,2042,T4ELE_PRI,E4ELE_PRI,,,,,,,,,,,,,,,,,0.17615005,0.17615005,,,,,,,,,,,
BAU,14,2043,T4ELE_PRI,E4ELE_PRI,,,,,,,,,,,,,,,,,0.19240179,0.19240179,,,,,,,,,,,
BAU,14,2044,T4ELE_PRI,E4ELE_PRI,,,,,,,,,,,,,,,,,0.2094229,0.2094229,,,,,,,,,,,
BAU,14,2045,T4ELE_PRI,E4ELE_PRI,,,,,,,,,,,,,,,,,0.22705544,0.22705544,,,,,,,,,,,
BAU,14,2046,T4ELE_PRI,E4ELE_PRI,,,,,,,,,,,,,,,,,0.24566308,0.24566308,,,,,,,,,,,
BAU,14,2047,T4ELE_PRI,E4ELE_PRI,,,,,,,,,,,,,,,,,0.26525968,0.26525968,,,,,,,,,,,
BAU,14,2048,T4ELE_PRI,E4ELE_PRI,,,,,,,,,,,,,,,,,0.28564841,0.28564841,,,,,,,,,,,
BAU,14,2049,T4ELE_PRI,E4ELE_PRI,,,,,,,,,,,,,,,,,0.30688274,0.30688274,,,,,,,,,,,
BAU,14,2050,T4ELE_PRI,E4ELE_PRI,,,,,,,,,,,,,,,,,0.32850171,0.32850171,,,,,,,,,,,
BAU,14,2051,T4ELE_PRI,E4ELE_PRI,,,,,,,,,,,,,,,,,0.33730545,0.33730545,,,,,,,,,,,
BAU,14,2052,T4ELE_PRI,E4ELE_PRI,,,,,,,,,,,,,,,,,0.346197,0.346197,,,,,,,,,,,
BAU,14,2053,T4ELE_PRI,E4ELE_PRI,,,,,,,,,,,,,,,,,0.3554088,0.3554088,,,,,,,,,,,
BAU,14,2054,T4ELE_PRI,E4ELE_PRI,,,,,,,,,,,,,,,,,0.3647777,0.3647777,,,,,,,,,,,
BAU,14,2055,T4ELE_PRI,E4ELE_PRI,,,,,,,,,,,,,,,,,0.374357,0.374357,,,,,,,,,,,
BAU,14,2021,T4GSL_PUB,E4GSL_PUB,,,,,,,,,,,,,,,,,2.8633138,2.8633138,,,,,,,,,,,
BAU,14,2022,T4GSL_PUB,E4GSL_PUB,,,,,,,,,,,,,,,,,3.0982126,3.0982126,,,,,,,,,,,
BAU,14,2023,T4GSL_PUB,E4GSL_PUB,,,,,,,,,,,,,,,,,3.2423468,3.2423468,,,,,,,,,,,
BAU,14,2024,T4GSL_PUB,E4GSL_PUB,,,,,,,,,,,,,,,,,3.305241,3.305241,,,,,,,,,,,
BAU,14,2025,T4GSL_PUB,E4GSL_PUB,,,,,,,,,,,,,,,,,3.3690796,3.3690796,,,,,,,,,,,
BAU,14,2026,T4GSL_PUB,E4GSL_PUB,,,,,,,,,,,,,,,,,3.4266288,3.4266288,,,,,,,,,,,
BAU,14,2027,T4GSL_PUB,E4GSL_PUB,,,,,,,,,,,,,,,,,3.4676678,3.4676678,,,,,,,,,,,
BAU,14,2028,T4GSL_PUB,E4GSL_PUB,,,,,,,,,,,,,,,,,3.5107236,3.5107236,,,,,,,,,,,
BAU,14,2029,T4GSL_PUB,E4GSL_PUB,,,,,,,,,,,,,,,,,3.5537986,3.5537986,,,,,,,,,,,
BAU,14,2030,T4GSL_PUB,E4GSL_PUB,,,,,,,,,,,,,,,,,3.5961466,3.5961466,,,,,,,,,,,
BAU,14,2031,T4GSL_PUB,E4GSL_PUB,,,,,,,,,,,,,,,,,3.6422379,3.6422379,,,,,,,,,,,
BAU,14,2032,T4GSL_PUB,E4GSL_PUB,,,,,,,,,,,,,,,,,3.6889113,3.6889113,,,,,,,,,,,
BAU,14,2033,T4GSL_PUB,E4GSL_PUB,,,,,,,,,,,,,,,,,3.7337291,3.7337291,,,,,,,,,,,
BAU,14,2034,T4GSL_PUB,E4GSL_PUB,,,,,,,,,,,,,,,,,3.7783007,3.7783007,,,,,,,,,,,
BAU,14,2035,T4GSL_PUB,E4GSL_PUB,,,,,,,,,,,,,,,,,3.821442,3.821442,,,,,,,,,,,
BAU,14,2036,T4GSL_PUB,E4GSL_PUB,,,,,,,,,,,,,,,,,3.8799025,3.8799025,,,,,,,,,,,
BAU,14,2037,T4GSL_PUB,E4GSL_PUB,,,,,,,,,,,,,,,,,3.9363752,3.9363752,,,,,,,,,,,
BAU,14,2038,T4GSL_PUB,E4GSL_PUB,,,,,,,,,,,,,,,,,3.99196,3.99196,,,,,,,,,,,
BAU,14,2039,T4GSL_PUB,E4GSL_PUB,,,,,,,,,,,,,,,,,4.0479891,4.0479891,,,,,,,,,,,
BAU,14,2040,T4GSL_PUB,E4GSL_PUB,,,,,,,,,,,,,,,,,4.1017365,4.1017365,,,,,,,,,,,
BAU,14,2041,T4GSL_PUB,E4GSL_PUB,,,,,,,,,,,,,,,,,4.1710513,4.1710513,,,,,,,,,,,
BAU,14,2042,T4GSL_PUB,E4GSL_PUB,,,,,,,,,,,,,,,,,4.239601,4.239601,,,,,,,,,,,
BAU,14,2043,T4GSL_PUB,E4GSL_PUB,,,,,,,,,,,,,,,,,4.3067275,4.3067275,,,,,,,,,,,
BAU,14,2044,T4GSL_PUB,E4GSL_PUB,,,,,,,,,,,,,,,,,4.373475,4.373475,,,,,,,,,,,
BAU,14,2045,T4GSL_PUB,E4GSL_PUB,,,,,,,,,,,,,,,,,4.4392399,4.4392399,,,,,,,,,,,
BAU,14,2046,T4GSL_PUB,E4GSL_PUB,,,,,,,,,,,,,,,,,4.5127177,4.5127177,,,,,,,,,,,
BAU,14,2047,T4GSL_PUB,E4GSL_PUB,,,,,,,,,,,,,,,,,4.5861461,4.5861461,,,,,,,,,,,
BAU,14,2048,T4GSL_PUB,E4GSL_PUB,,,,,,,,,,,,,,,,,4.6576559,4.6576559,,,,,,,,,,,
BAU,14,2049,T4GSL_PUB,E4GSL_PUB,,,,,,,,,,,,,,,,,4.7282849,4.7282849,,,,,,,,,,,
BAU,14,2050,T4GSL_PUB,E4GSL_PUB,,,,,,,,,,,,,,,,,4.7980317,4.7980317,,,,,,,,,,,
BAU,14,2051,T4GSL_PUB,E4GSL_PUB,,,,,,,,,,,,,,,,,4.8801808,4.8801808,,,,,,,,,,,
BAU,14,2052,T4GSL_PUB,E4GSL_PUB,,,,,,,,,,,,,,,,,4.9629484,4.9629484,,,,,,,,,,,
BAU,14,2053,T4GSL_PUB,E4GSL_PUB,,,,,,,,,,,,,,,,,5.0469715,5.0469715,,,,,,,,,,,
BAU,14,2054,T4GSL_PUB,E4GSL_PUB,,,,,,,,,,,,,,,,,5.132426,5.132426,,,,,,,,,,,
BAU,14,2055,T4GSL_PUB,E4GSL_PUB,,,,,,,,,,,,,,,,,5.2193309,5.2193309,,,,,,,,,,,
BAU,14,2026,T4ELE_PUB,E4ELE_PUB,,,,,,,,,,,,,,,,,0.0024516,0.0024516,,,,,,,,,,,
BAU,14,2027,T4ELE_PUB,E4ELE_PUB,,,,,,,,,,,,,,,,,0.00445044,0.00445044,,,,,,,,,,,
BAU,14,2028,T4ELE_PUB,E4ELE_PUB,,,,,,,,,,,,,,,,,0.00704326,0.00704326,,,,,,,,,,,
BAU,14,2029,T4ELE_PUB,E4ELE_PUB,,,,,,,,,,,,,,,,,0.01009789,0.01009789,,,,,,,,,,,
BAU,14,2030,T4ELE_PUB,E4ELE_PUB,,,,,,,,,,,,,,,,,0.01288528,0.01288528,,,,,,,,,,,
BAU,14,2031,T4ELE_PUB,E4ELE_PUB,,,,,,,,,,,,,,,,,0.01654779,0.01654779,,,,,,,,,,,
BAU,14,2032,T4ELE_PUB,E4ELE_PUB,,,,,,,,,,,,,,,,,0.02032491,0.02032491,,,,,,,,,,,
BAU,14,2033,T4ELE_PUB,E4ELE_PUB,,,,,,,,,,,,,,,,,0.02421615,0.02421615,,,,,,,,,,,
BAU,14,2034,T4ELE_PUB,E4ELE_PUB,,,,,,,,,,,,,,,,,0.02811265,0.02811265,,,,,,,,,,,
BAU,14,2035,T4ELE_PUB,E4ELE_PUB,,,,,,,,,,,,,,,,,0.03278929,0.03278929,,,,,,,,,,,
BAU,14,2036,T4ELE_PUB,E4ELE_PUB,,,,,,,,,,,,,,,,,0.03704176,0.03704176,,,,,,,,,,,
BAU,14,2037,T4ELE_PUB,E4ELE_PUB,,,,,,,,,,,,,,,,,0.04206376,0.04206376,,,,,,,,,,,
BAU,14,2038,T4ELE_PUB,E4ELE_PUB,,,,,,,,,,,,,,,,,0.04709935,0.04709935,,,,,,,,,,,
BAU,14,2039,T4ELE_PUB,E4ELE_PUB,,,,,,,,,,,,,,,,,0.05234574,0.05234574,,,,,,,,,,,
BAU,14,2040,T4ELE_PUB,E4ELE_PUB,,,,,,,,,,,,,,,,,0.05839654,0.05839654,,,,,,,,,,,
BAU,14,2041,T4ELE_PUB,E4ELE_PUB,,,,,,,,,,,,,,,,,0.06389436,0.06389436,,,,,,,,,,,
BAU,14,2042,T4ELE_PUB,E4ELE_PUB,,,,,,,,,,,,,,,,,0.07033375,0.07033375,,,,,,,,,,,
BAU,14,2043,T4ELE_PUB,E4ELE_PUB,,,,,,,,,,,,,,,,,0.07692128,0.07692128,,,,,,,,,,,
BAU,14,2044,T4ELE_PUB,E4ELE_PUB,,,,,,,,,,,,,,,,,0.08371754,0.08371754,,,,,,,,,,,
BAU,14,2045,T4ELE_PUB,E4ELE_PUB,,,,,,,,,,,,,,,,,0.09049921,0.09049921,,,,,,,,,,,
BAU,14,2046,T4ELE_PUB,E4ELE_PUB,,,,,,,,,,,,,,,,,0.09770781,0.09770781,,,,,,,,,,,
BAU,14,2047,T4ELE_PUB,E4ELE_PUB,,,,,,,,,,,,,,,,,0.1055091,0.1055091,,,,,,,,,,,
BAU,14,2048,T4ELE_PUB,E4ELE_PUB,,,,,,,,,,,,,,,,,0.11376455,0.11376455,,,,,,,,,,,
BAU,14,2049,T4ELE_PUB,E4ELE_PUB,,,,,,,,,,,,,,,,,0.12152332,0.12152332,,,,,,,,,,,
BAU,14,2050,T4ELE_PUB,E4ELE_PUB,,,,,,,,,,,,,,,,,0.1301304,0.1301304,,,,,,,,,,,
BAU,14,2051,T4ELE_PUB,E4ELE_PUB,,,,,,,,,,,,,,,,,0.13342491,0.13342491,,,,,,,,,,,
BAU,14,2052,T4ELE_PUB,E4ELE_PUB,,,,,,,,,,,,,,,,,0.13754098,0.13754098,,,,,,,,,,,
BAU,14,2053,T4ELE_PUB,E4ELE_PUB,,,,,,,,,,,,,,,,,0.14032092,0.14032092,,,,,,,,,,,
BAU,14,2054,T4ELE_PUB,E4ELE_PUB,,,,,,,,,,,,,,,,,0.14453476,0.14453476,,,,,,,,,,,
BAU,14,2055,T4ELE_PUB,E4ELE_PUB,,,,,,,,,,,,,,,,,0.14861123,0.14861123,,,,,,,,,,,
BAU,14,2021,T4DSL_PUB,E4DSL_PUB,,,,,,,,,,,,,,,,,0.46112729,0.46112729,,,,,,,,,,,
BAU,14,2022,T4DSL_PUB,E4DSL_PUB,,,,,,,,,,,,,,,,,0.49866753,0.49866753,,,,,,,,,,,
BAU,14,2023,T4DSL_PUB,E4DSL_PUB,,,,,,,,,,,,,,,,,0.52223002,0.52223002,,,,,,,,,,,
BAU,14,2024,T4DSL_PUB,E4DSL_PUB,,,,,,,,,,,,,,,,,0.5318943,0.5318943,,,,,,,,,,,
BAU,14,2025,T4DSL_PUB,E4DSL_PUB,,,,,,,,,,,,,,,,,0.54257904,0.54257904,,,,,,,,,,,
BAU,14,2026,T4DSL_PUB,E4DSL_PUB,,,,,,,,,,,,,,,,,0.55167296,0.55167296,,,,,,,,,,,
BAU,14,2027,T4DSL_PUB,E4DSL_PUB,,,,,,,,,,,,,,,,,0.56327337,0.56327337,,,,,,,,,,,
BAU,14,2028,T4DSL_PUB,E4DSL_PUB,,,,,,,,,,,,,,,,,0.57092238,0.57092238,,,,,,,,,,,
BAU,14,2029,T4DSL_PUB,E4DSL_PUB,,,,,,,,,,,,,,,,,0.577618,0.577618,,,,,,,,,,,
BAU,14,2030,T4DSL_PUB,E4DSL_PUB,,,,,,,,,,,,,,,,,0.58464057,0.58464057,,,,,,,,,,,
BAU,14,2031,T4DSL_PUB,E4DSL_PUB,,,,,,,,,,,,,,,,,0.59276366,0.59276366,,,,,,,,,,,
BAU,14,2032,T4DSL_PUB,E4DSL_PUB,,,,,,,,,,,,,,,,,0.60057214,0.60057214,,,,,,,,,,,
BAU,14,2033,T4DSL_PUB,E4DSL_PUB,,,,,,,,,,,,,,,,,0.60896209,0.60896209,,,,,,,,,,,
BAU,14,2034,T4DSL_PUB,E4DSL_PUB,,,,,,,,,,,,,,,,,0.61621978,0.61621978,,,,,,,,,,,
BAU,14,2035,T4DSL_PUB,E4DSL_PUB,,,,,,,,,,,,,,,,,0.62408169,0.62408169,,,,,,,,,,,
BAU,14,2036,T4DSL_PUB,E4DSL_PUB,,,,,,,,,,,,,,,,,0.63377476,0.63377476,,,,,,,,,,,
BAU,14,2037,T4DSL_PUB,E4DSL_PUB,,,,,,,,,,,,,,,,,0.64361212,0.64361212,,,,,,,,,,,
BAU,14,2038,T4DSL_PUB,E4DSL_PUB,,,,,,,,,,,,,,,,,0.65331164,0.65331164,,,,,,,,,,,
BAU,14,2039,T4DSL_PUB,E4DSL_PUB,,,,,,,,,,,,,,,,,0.6627222,0.6627222,,,,,,,,,,,
BAU,14,2040,T4DSL_PUB,E4DSL_PUB,,,,,,,,,,,,,,,,,0.67097759,0.67097759,,,,,,,,,,,
BAU,14,2041,T4DSL_PUB,E4DSL_PUB,,,,,,,,,,,,,,,,,0.68094887,0.68094887,,,,,,,,,,,
BAU,14,2042,T4DSL_PUB,E4DSL_PUB,,,,,,,,,,,,,,,,,0.68918708,0.68918708,,,,,,,,,,,
BAU,14,2043,T4DSL_PUB,E4DSL_PUB,,,,,,,,,,,,,,,,,0.6982052,0.6982052,,,,,,,,,,,
BAU,14,2044,T4DSL_PUB,E4DSL_PUB,,,,,,,,,,,,,,,,,0.70566585,0.70566585,,,,,,,,,,,
BAU,14,2045,T4DSL_PUB,E4DSL_PUB,,,,,,,,,,,,,,,,,0.71398364,0.71398364,,,,,,,,,,,
BAU,14,2046,T4DSL_PUB,E4DSL_PUB,,,,,,,,,,,,,,,,,0.72550972,0.72550972,,,,,,,,,,,
BAU,14,2047,T4DSL_PUB,E4DSL_PUB,,,,,,,,,,,,,,,,,0.7391469,0.7391469,,,,,,,,,,,
BAU,14,2048,T4DSL_PUB,E4DSL_PUB,,,,,,,,,,,,,,,,,0.75338668,0.75338668,,,,,,,,,,,
BAU,14,2049,T4DSL_PUB,E4DSL_PUB,,,,,,,,,,,,,,,,,0.76836641,0.76836641,,,,,,,,,,,
BAU,14,2050,T4DSL_PUB,E4DSL_PUB,,,,,,,,,,,,,,,,,0.78193016,0.78193016,,,,,,,,,,,
BAU,14,2051,T4DSL_PUB,E4DSL_PUB,,,,,,,,,,,,,,,,,0.79686331,0.79686331,,,,,,,,,,,
BAU,14,2052,T4DSL_PUB,E4DSL_PUB,,,,,,,,,,,,,,,,,0.80912538,0.80912538,,,,,,,,,,,
BAU,14,2053,T4DSL_PUB,E4DSL_PUB,,,,,,,,,,,,,,,,,0.8239998,0.8239998,,,,,,,,,,,
BAU,14,2054,T4DSL_PUB,E4DSL_PUB,,,,,,,,,,,,,,,,,0.83682454,0.83682454,,,,,,,,,,,
BAU,14,2055,T4DSL_PUB,E4DSL_PUB,,,,,,,,,,,,,,,,,0.85025043,0.85025043,,,,,,,,,,,
BAU,14,2021,T4DSL_HEA,E4DSL_HEA,,,,,,,,,,,,,,,,,7.5281836,7.5281836,,,,,,,,,,,
BAU,14,2022,T4DSL_HEA,E4DSL_HEA,,,,,,,,,,,,,,,,,8.144768,8.144768,,,,,,,,,,,
BAU,14,2023,T4DSL_HEA,E4DSL_HEA,,,,,,,,,,,,,,,,,8.5246451,8.5246451,,,,,,,,,,,
BAU,14,2024,T4DSL_HEA,E4DSL_HEA,,,,,,,,,,,,,,,,,8.688813,8.688813,,,,,,,,,,,
BAU,14,2025,T4DSL_HEA,E4DSL_HEA,,,,,,,,,,,,,,,,,8.8567989,8.8567989,,,,,,,,,,,
BAU,14,2026,T4DSL_HEA,E4DSL_HEA,,,,,,,,,,,,,,,,,8.9427007,8.9427007,,,,,,,,,,,
BAU,14,2027,T4DSL_HEA,E4DSL_HEA,,,,,,,,,,,,,,,,,8.9412611,8.9412611,,,,,,,,,,,
BAU,14,2028,T4DSL_HEA,E4DSL_HEA,,,,,,,,,,,,,,,,,9.0268184,9.0268184,,,,,,,,,,,
BAU,14,2029,T4DSL_HEA,E4DSL_HEA,,,,,,,,,,,,,,,,,9.1091691,9.1091691,,,,,,,,,,,
BAU,14,2030,T4DSL_HEA,E4DSL_HEA,,,,,,,,,,,,,,,,,9.1886704,9.1886704,,,,,,,,,,,
BAU,14,2031,T4DSL_HEA,E4DSL_HEA,,,,,,,,,,,,,,,,,9.2832046,9.2832046,,,,,,,,,,,
BAU,14,2032,T4DSL_HEA,E4DSL_HEA,,,,,,,,,,,,,,,,,9.3743795,9.3743795,,,,,,,,,,,
BAU,14,2033,T4DSL_HEA,E4DSL_HEA,,,,,,,,,,,,,,,,,9.46094,9.46094,,,,,,,,,,,
BAU,14,2034,T4DSL_HEA,E4DSL_HEA,,,,,,,,,,,,,,,,,9.5454248,9.5454248,,,,,,,,,,,
BAU,14,2035,T4DSL_HEA,E4DSL_HEA,,,,,,,,,,,,,,,,,9.626099,9.626099,,,,,,,,,,,
BAU,14,2036,T4DSL_HEA,E4DSL_HEA,,,,,,,,,,,,,,,,,9.7411198,9.7411198,,,,,,,,,,,
BAU,14,2037,T4DSL_HEA,E4DSL_HEA,,,,,,,,,,,,,,,,,9.8521259,9.8521259,,,,,,,,,,,
BAU,14,2038,T4DSL_HEA,E4DSL_HEA,,,,,,,,,,,,,,,,,9.9578696,9.9578696,,,,,,,,,,,
BAU,14,2039,T4DSL_HEA,E4DSL_HEA,,,,,,,,,,,,,,,,,10.06088,10.06088,,,,,,,,,,,
BAU,14,2040,T4DSL_HEA,E4DSL_HEA,,,,,,,,,,,,,,,,,10.158652,10.158652,,,,,,,,,,,
BAU,14,2041,T4DSL_HEA,E4DSL_HEA,,,,,,,,,,,,,,,,,10.462777,10.462777,,,,,,,,,,,
BAU,14,2042,T4DSL_HEA,E4DSL_HEA,,,,,,,,,,,,,,,,,10.768647,10.768647,,,,,,,,,,,
BAU,14,2043,T4DSL_HEA,E4DSL_HEA,,,,,,,,,,,,,,,,,11.078921,11.078921,,,,,,,,,,,
BAU,14,2044,T4DSL_HEA,E4DSL_HEA,,,,,,,,,,,,,,,,,11.391709,11.391709,,,,,,,,,,,
BAU,14,2045,T4DSL_HEA,E4DSL_HEA,,,,,,,,,,,,,,,,,11.708876,11.708876,,,,,,,,,,,
BAU,14,2046,T4DSL_HEA,E4DSL_HEA,,,,,,,,,,,,,,,,,12.054757,12.054757,,,,,,,,,,,
BAU,14,2047,T4DSL_HEA,E4DSL_HEA,,,,,,,,,,,,,,,,,12.404516,12.404516,,,,,,,,,,,
BAU,14,2048,T4DSL_HEA,E4DSL_HEA,,,,,,,,,,,,,,,,,12.75775,12.75775,,,,,,,,,,,
BAU,14,2049,T4DSL_HEA,E4DSL_HEA,,,,,,,,,,,,,,,,,13.114638,13.114638,,,,,,,,,,,
BAU,14,2050,T4DSL_HEA,E4DSL_HEA,,,,,,,,,,,,,,,,,13.475169,13.475169,,,,,,,,,,,
BAU,14,2051,T4DSL_HEA,E4DSL_HEA,,,,,,,,,,,,,,,,,13.767873,13.767873,,,,,,,,,,,
BAU,14,2052,T4DSL_HEA,E4DSL_HEA,,,,,,,,,,,,,,,,,14.067436,14.067436,,,,,,,,,,,
BAU,14,2053,T4DSL_HEA,E4DSL_HEA,,,,,,,,,,,,,,,,,14.374068,14.374068,,,,,,,,,,,
BAU,14,2054,T4DSL_HEA,E4DSL_HEA,,,,,,,,,,,,,,,,,14.68605,14.68605,,,,,,,,,,,
BAU,14,2055,T4DSL_HEA,E4DSL_HEA,,,,,,,,,,,,,,,,,15.005447,15.005447,,,,,,,,,,,
BAU,14,2021,T4FOI_HEA,E4FOI_HEA,,,,,,,,,,,,,,,,,0.0144,0.0144,,,,,,,,,,,
BAU,14,2022,T4FOI_HEA,E4FOI_HEA,,,,,,,,,,,,,,,,,0.0156,0.0156,,,,,,,,,,,
BAU,14,2023,T4FOI_HEA,E4FOI_HEA,,,,,,,,,,,,,,,,,0.016303584,0.016303584,,,,,,,,,,,
BAU,14,2024,T4FOI_HEA,E4FOI_HEA,,,,,,,,,,,,,,,,,0.01652509,0.01652509,,,,,,,,,,,
BAU,14,2025,T4FOI_HEA,E4FOI_HEA,,,,,,,,,,,,,,,,,0.0169,0.0169,,,,,,,,,,,
BAU,14,2026,T4FOI_HEA,E4FOI_HEA,,,,,,,,,,,,,,,,,0.030513978,0.030513978,,,,,,,,,,,
BAU,14,2027,T4FOI_HEA,E4FOI_HEA,,,,,,,,,,,,,,,,,0.058983871,0.058983871,,,,,,,,,,,
BAU,14,2028,T4FOI_HEA,E4FOI_HEA,,,,,,,,,,,,,,,,,0.0739,0.0739,,,,,,,,,,,
BAU,14,2029,T4FOI_HEA,E4FOI_HEA,,,,,,,,,,,,,,,,,0.0893,0.0893,,,,,,,,,,,
BAU,14,2030,T4FOI_HEA,E4FOI_HEA,,,,,,,,,,,,,,,,,0.10523118,0.10523118,,,,,,,,,,,
BAU,14,2031,T4FOI_HEA,E4FOI_HEA,,,,,,,,,,,,,,,,,0.12200466,0.12200466,,,,,,,,,,,
BAU,14,2032,T4FOI_HEA,E4FOI_HEA,,,,,,,,,,,,,,,,,0.1394,0.1394,,,,,,,,,,,
BAU,14,2033,T4FOI_HEA,E4FOI_HEA,,,,,,,,,,,,,,,,,0.15754731,0.15754731,,,,,,,,,,,
BAU,14,2034,T4FOI_HEA,E4FOI_HEA,,,,,,,,,,,,,,,,,0.17612545,0.17612545,,,,,,,,,,,
BAU,14,2035,T4FOI_HEA,E4FOI_HEA,,,,,,,,,,,,,,,,,0.19540215,0.19540215,,,,,,,,,,,
BAU,14,2036,T4FOI_HEA,E4FOI_HEA,,,,,,,,,,,,,,,,,0.21611434,0.21611434,,,,,,,,,,,
BAU,14,2037,T4FOI_HEA,E4FOI_HEA,,,,,,,,,,,,,,,,,0.2376,0.2376,,,,,,,,,,,
BAU,14,2038,T4FOI_HEA,E4FOI_HEA,,,,,,,,,,,,,,,,,0.25992401,0.25992401,,,,,,,,,,,
BAU,14,2039,T4FOI_HEA,E4FOI_HEA,,,,,,,,,,,,,,,,,0.28281254,0.28281254,,,,,,,,,,,
BAU,14,2040,T4FOI_HEA,E4FOI_HEA,,,,,,,,,,,,,,,,,0.3067,0.3067,,,,,,,,,,,
BAU,14,2041,T4FOI_HEA,E4FOI_HEA,,,,,,,,,,,,,,,,,0.3045,0.3045,,,,,,,,,,,
BAU,14,2042,T4FOI_HEA,E4FOI_HEA,,,,,,,,,,,,,,,,,0.302,0.302,,,,,,,,,,,
BAU,14,2043,T4FOI_HEA,E4FOI_HEA,,,,,,,,,,,,,,,,,0.2989,0.2989,,,,,,,,,,,
BAU,14,2044,T4FOI_HEA,E4FOI_HEA,,,,,,,,,,,,,,,,,0.29545018,0.29545018,,,,,,,,,,,
BAU,14,2045,T4FOI_HEA,E4FOI_HEA,,,,,,,,,,,,,,,,,0.2914,0.2914,,,,,,,,,,,
BAU,14,2046,T4FOI_HEA,E4FOI_HEA,,,,,,,,,,,,,,,,,0.2877,0.2877,,,,,,,,,,,
BAU,14,2047,T4FOI_HEA,E4FOI_HEA,,,,,,,,,,,,,,,,,0.2834,0.2834,,,,,,,,,,,
BAU,14,2048,T4FOI_HEA,E4FOI_HEA,,,,,,,,,,,,,,,,,0.2786,0.2786,,,,,,,,,,,
BAU,14,2049,T4FOI_HEA,E4FOI_HEA,,,,,,,,,,,,,,,,,0.2733,0.2733,,,,,,,,,,,
BAU,14,2050,T4FOI_HEA,E4FOI_HEA,,,,,,,,,,,,,,,,,0.2674,0.2674,,,,,,,,,,,
BAU,14,2051,T4FOI_HEA,E4FOI_HEA,,,,,,,,,,,,,,,,,0.27355484,0.27355484,,,,,,,,,,,
BAU,14,2052,T4FOI_HEA,E4FOI_HEA,,,,,,,,,,,,,,,,,0.2798,0.2798,,,,,,,,,,,
BAU,14,2053,T4FOI_HEA,E4FOI_HEA,,,,,,,,,,,,,,,,,0.2861,0.2861,,,,,,,,,,,
BAU,14,2054,T4FOI_HEA,E4FOI_HEA,,,,,,,,,,,,,,,,,0.29265556,0.29265556,,,,,,,,,,,
BAU,14,2055,T4FOI_HEA,E4FOI_HEA,,,,,,,,,,,,,,,,,0.29930215,0.29930215,,,,,,,,,,,
BAU,14,2021,T4DSL_LIG,E4DSL_LIG,,,,,,,,,,,,,,,,,0.92409296,0.92409296,,,,,,,,,,,
BAU,14,2022,T4DSL_LIG,E4DSL_LIG,,,,,,,,,,,,,,,,,0.999635,0.999635,,,,,,,,,,,
BAU,14,2023,T4DSL_LIG,E4DSL_LIG,,,,,,,,,,,,,,,,,1.0459347,1.0459347,,,,,,,,,,,
BAU,14,2024,T4DSL_LIG,E4DSL_LIG,,,,,,,,,,,,,,,,,1.0667182,1.0667182,,,,,,,,,,,
BAU,14,2025,T4DSL_LIG,E4DSL_LIG,,,,,,,,,,,,,,,,,1.0871463,1.0871463,,,,,,,,,,,
BAU,14,2026,T4DSL_LIG,E4DSL_LIG,,,,,,,,,,,,,,,,,1.1195637,1.1195637,,,,,,,,,,,
BAU,14,2027,T4DSL_LIG,E4DSL_LIG,,,,,,,,,,,,,,,,,1.1621912,1.1621912,,,,,,,,,,,
BAU,14,2028,T4DSL_LIG,E4DSL_LIG,,,,,,,,,,,,,,,,,1.1969193,1.1969193,,,,,,,,,,,
BAU,14,2029,T4DSL_LIG,E4DSL_LIG,,,,,,,,,,,,,,,,,1.2319661,1.2319661,,,,,,,,,,,
BAU,14,2030,T4DSL_LIG,E4DSL_LIG,,,,,,,,,,,,,,,,,1.2673424,1.2673424,,,,,,,,,,,
BAU,14,2031,T4DSL_LIG,E4DSL_LIG,,,,,,,,,,,,,,,,,1.3061117,1.3061117,,,,,,,,,,,
BAU,14,2032,T4DSL_LIG,E4DSL_LIG,,,,,,,,,,,,,,,,,1.3450634,1.3450634,,,,,,,,,,,
BAU,14,2033,T4DSL_LIG,E4DSL_LIG,,,,,,,,,,,,,,,,,1.3847819,1.3847819,,,,,,,,,,,
BAU,14,2034,T4DSL_LIG,E4DSL_LIG,,,,,,,,,,,,,,,,,1.4249531,1.4249531,,,,,,,,,,,
BAU,14,2035,T4DSL_LIG,E4DSL_LIG,,,,,,,,,,,,,,,,,1.4657544,1.4657544,,,,,,,,,,,
BAU,14,2036,T4DSL_LIG,E4DSL_LIG,,,,,,,,,,,,,,,,,1.5126314,1.5126314,,,,,,,,,,,
BAU,14,2037,T4DSL_LIG,E4DSL_LIG,,,,,,,,,,,,,,,,,1.5604482,1.5604482,,,,,,,,,,,
BAU,14,2038,T4DSL_LIG,E4DSL_LIG,,,,,,,,,,,,,,,,,1.6092019,1.6092019,,,,,,,,,,,
BAU,14,2039,T4DSL_LIG,E4DSL_LIG,,,,,,,,,,,,,,,,,1.6584238,1.6584238,,,,,,,,,,,
BAU,14,2040,T4DSL_LIG,E4DSL_LIG,,,,,,,,,,,,,,,,,1.7083963,1.7083963,,,,,,,,,,,
BAU,14,2041,T4DSL_LIG,E4DSL_LIG,,,,,,,,,,,,,,,,,1.7360003,1.7360003,,,,,,,,,,,
BAU,14,2042,T4DSL_LIG,E4DSL_LIG,,,,,,,,,,,,,,,,,1.7629348,1.7629348,,,,,,,,,,,
BAU,14,2043,T4DSL_LIG,E4DSL_LIG,,,,,,,,,,,,,,,,,1.7891032,1.7891032,,,,,,,,,,,
BAU,14,2044,T4DSL_LIG,E4DSL_LIG,,,,,,,,,,,,,,,,,1.8149552,1.8149552,,,,,,,,,,,
BAU,14,2045,T4DSL_LIG,E4DSL_LIG,,,,,,,,,,,,,,,,,1.8399503,1.8399503,,,,,,,,,,,
BAU,14,2046,T4DSL_LIG,E4DSL_LIG,,,,,,,,,,,,,,,,,1.8692128,1.8692128,,,,,,,,,,,
BAU,14,2047,T4DSL_LIG,E4DSL_LIG,,,,,,,,,,,,,,,,,1.8972926,1.8972926,,,,,,,,,,,
BAU,14,2048,T4DSL_LIG,E4DSL_LIG,,,,,,,,,,,,,,,,,1.9250998,1.9250998,,,,,,,,,,,
BAU,14,2049,T4DSL_LIG,E4DSL_LIG,,,,,,,,,,,,,,,,,1.9517677,1.9517677,,,,,,,,,,,
BAU,14,2050,T4DSL_LIG,E4DSL_LIG,,,,,,,,,,,,,,,,,1.9778614,1.9778614,,,,,,,,,,,
BAU,14,2051,T4DSL_LIG,E4DSL_LIG,,,,,,,,,,,,,,,,,2.0209087,2.0209087,,,,,,,,,,,
BAU,14,2052,T4DSL_LIG,E4DSL_LIG,,,,,,,,,,,,,,,,,2.0651822,2.0651822,,,,,,,,,,,
BAU,14,2053,T4DSL_LIG,E4DSL_LIG,,,,,,,,,,,,,,,,,2.1097089,2.1097089,,,,,,,,,,,
BAU,14,2054,T4DSL_LIG,E4DSL_LIG,,,,,,,,,,,,,,,,,2.1560977,2.1560977,,,,,,,,,,,
BAU,14,2055,T4DSL_LIG,E4DSL_LIG,,,,,,,,,,,,,,,,,2.2027851,2.2027851,,,,,,,,,,,
BAU,14,2021,T4GSL_LIG,E4GSL_LIG,,,,,,,,,,,,,,,,,0.87163296,0.87163296,,,,,,,,,,,
BAU,14,2022,T4GSL_LIG,E4GSL_LIG,,,,,,,,,,,,,,,,,0.94326176,0.94326176,,,,,,,,,,,
BAU,14,2023,T4GSL_LIG,E4GSL_LIG,,,,,,,,,,,,,,,,,0.98758208,0.98758208,,,,,,,,,,,
BAU,14,2024,T4GSL_LIG,E4GSL_LIG,,,,,,,,,,,,,,,,,1.005937,1.005937,,,,,,,,,,,
BAU,14,2025,T4GSL_LIG,E4GSL_LIG,,,,,,,,,,,,,,,,,1.0256349,1.0256349,,,,,,,,,,,
BAU,14,2026,T4GSL_LIG,E4GSL_LIG,,,,,,,,,,,,,,,,,1.0314547,1.0314547,,,,,,,,,,,
BAU,14,2027,T4GSL_LIG,E4GSL_LIG,,,,,,,,,,,,,,,,,1.026909,1.026909,,,,,,,,,,,
BAU,14,2028,T4GSL_LIG,E4GSL_LIG,,,,,,,,,,,,,,,,,1.0317536,1.0317536,,,,,,,,,,,
BAU,14,2029,T4GSL_LIG,E4GSL_LIG,,,,,,,,,,,,,,,,,1.0361408,1.0361408,,,,,,,,,,,
BAU,14,2030,T4GSL_LIG,E4GSL_LIG,,,,,,,,,,,,,,,,,1.040518,1.040518,,,,,,,,,,,
BAU,14,2031,T4GSL_LIG,E4GSL_LIG,,,,,,,,,,,,,,,,,1.0462218,1.0462218,,,,,,,,,,,
BAU,14,2032,T4GSL_LIG,E4GSL_LIG,,,,,,,,,,,,,,,,,1.0514443,1.0514443,,,,,,,,,,,
BAU,14,2033,T4GSL_LIG,E4GSL_LIG,,,,,,,,,,,,,,,,,1.055789,1.055789,,,,,,,,,,,
BAU,14,2034,T4GSL_LIG,E4GSL_LIG,,,,,,,,,,,,,,,,,1.0596794,1.0596794,,,,,,,,,,,
BAU,14,2035,T4GSL_LIG,E4GSL_LIG,,,,,,,,,,,,,,,,,1.0631165,1.0631165,,,,,,,,,,,
BAU,14,2036,T4GSL_LIG,E4GSL_LIG,,,,,,,,,,,,,,,,,1.0700931,1.0700931,,,,,,,,,,,
BAU,14,2037,T4GSL_LIG,E4GSL_LIG,,,,,,,,,,,,,,,,,1.0761685,1.0761685,,,,,,,,,,,
BAU,14,2038,T4GSL_LIG,E4GSL_LIG,,,,,,,,,,,,,,,,,1.0813451,1.0813451,,,,,,,,,,,
BAU,14,2039,T4GSL_LIG,E4GSL_LIG,,,,,,,,,,,,,,,,,1.0860678,1.0860678,,,,,,,,,,,
BAU,14,2040,T4GSL_LIG,E4GSL_LIG,,,,,,,,,,,,,,,,,1.0898959,1.0898959,,,,,,,,,,,
BAU,14,2041,T4GSL_LIG,E4GSL_LIG,,,,,,,,,,,,,,,,,1.1316727,1.1316727,,,,,,,,,,,
BAU,14,2042,T4GSL_LIG,E4GSL_LIG,,,,,,,,,,,,,,,,,1.1746908,1.1746908,,,,,,,,,,,
BAU,14,2043,T4GSL_LIG,E4GSL_LIG,,,,,,,,,,,,,,,,,1.2180378,1.2180378,,,,,,,,,,,
BAU,14,2044,T4GSL_LIG,E4GSL_LIG,,,,,,,,,,,,,,,,,1.2622068,1.2622068,,,,,,,,,,,
BAU,14,2045,T4GSL_LIG,E4GSL_LIG,,,,,,,,,,,,,,,,,1.308048,1.308048,,,,,,,,,,,
BAU,14,2046,T4GSL_LIG,E4GSL_LIG,,,,,,,,,,,,,,,,,1.3564349,1.3564349,,,,,,,,,,,
BAU,14,2047,T4GSL_LIG,E4GSL_LIG,,,,,,,,,,,,,,,,,1.4060434,1.4060434,,,,,,,,,,,
BAU,14,2048,T4GSL_LIG,E4GSL_LIG,,,,,,,,,,,,,,,,,1.4564312,1.4564312,,,,,,,,,,,
BAU,14,2049,T4GSL_LIG,E4GSL_LIG,,,,,,,,,,,,,,,,,1.508034,1.508034,,,,,,,,,,,
BAU,14,2050,T4GSL_LIG,E4GSL_LIG,,,,,,,,,,,,,,,,,1.5608479,1.5608479,,,,,,,,,,,
BAU,14,2051,T4GSL_LIG,E4GSL_LIG,,,,,,,,,,,,,,,,,1.5947597,1.5947597,,,,,,,,,,,
BAU,14,2052,T4GSL_LIG,E4GSL_LIG,,,,,,,,,,,,,,,,,1.6290402,1.6290402,,,,,,,,,,,
BAU,14,2053,T4GSL_LIG,E4GSL_LIG,,,,,,,,,,,,,,,,,1.664959,1.664959,,,,,,,,,,,
BAU,14,2054,T4GSL_LIG,E4GSL_LIG,,,,,,,,,,,,,,,,,1.7004069,1.7004069,,,,,,,,,,,
BAU,14,2055,T4GSL_LIG,E4GSL_LIG,,,,,,,,,,,,,,,,,1.7379608,1.7379608,,,,,,,,,,,
BAU,14,2021,T4FOI_MAR,E4FOI_MAR,,,,,,,,,,,,,,,,,0.26582283,0.26582283,,,,,,,,,,,
BAU,14,2022,T4FOI_MAR,E4FOI_MAR,,,,,,,,,,,,,,,,,0.28759185,0.28759185,,,,,,,,,,,
BAU,14,2023,T4FOI_MAR,E4FOI_MAR,,,,,,,,,,,,,,,,,0.30100707,0.30100707,,,,,,,,,,,
BAU,14,2024,T4FOI_MAR,E4FOI_MAR,,,,,,,,,,,,,,,,,0.30678102,0.30678102,,,,,,,,,,,
BAU,14,2025,T4FOI_MAR,E4FOI_MAR,,,,,,,,,,,,,,,,,0.31272696,0.31272696,,,,,,,,,,,
BAU,14,2026,T4FOI_MAR,E4FOI_MAR,,,,,,,,,,,,,,,,,0.31874661,0.31874661,,,,,,,,,,,
BAU,14,2027,T4FOI_MAR,E4FOI_MAR,,,,,,,,,,,,,,,,,0.3245019,0.3245019,,,,,,,,,,,
BAU,14,2028,T4FOI_MAR,E4FOI_MAR,,,,,,,,,,,,,,,,,0.33011276,0.33011276,,,,,,,,,,,
BAU,14,2029,T4FOI_MAR,E4FOI_MAR,,,,,,,,,,,,,,,,,0.335846,0.335846,,,,,,,,,,,
BAU,14,2030,T4FOI_MAR,E4FOI_MAR,,,,,,,,,,,,,,,,,0.34156944,0.34156944,,,,,,,,,,,
BAU,14,2031,T4FOI_MAR,E4FOI_MAR,,,,,,,,,,,,,,,,,0.3478257,0.3478257,,,,,,,,,,,
BAU,14,2032,T4FOI_MAR,E4FOI_MAR,,,,,,,,,,,,,,,,,0.354235,0.354235,,,,,,,,,,,
BAU,14,2033,T4FOI_MAR,E4FOI_MAR,,,,,,,,,,,,,,,,,0.36060893,0.36060893,,,,,,,,,,,
BAU,14,2034,T4FOI_MAR,E4FOI_MAR,,,,,,,,,,,,,,,,,0.36697194,0.36697194,,,,,,,,,,,
BAU,14,2035,T4FOI_MAR,E4FOI_MAR,,,,,,,,,,,,,,,,,0.37317084,0.37317084,,,,,,,,,,,
BAU,14,2036,T4FOI_MAR,E4FOI_MAR,,,,,,,,,,,,,,,,,0.38099402,0.38099402,,,,,,,,,,,
BAU,14,2037,T4FOI_MAR,E4FOI_MAR,,,,,,,,,,,,,,,,,0.38880384,0.38880384,,,,,,,,,,,
BAU,14,2038,T4FOI_MAR,E4FOI_MAR,,,,,,,,,,,,,,,,,0.39643709,0.39643709,,,,,,,,,,,
BAU,14,2039,T4FOI_MAR,E4FOI_MAR,,,,,,,,,,,,,,,,,0.40421685,0.40421685,,,,,,,,,,,
BAU,14,2040,T4FOI_MAR,E4FOI_MAR,,,,,,,,,,,,,,,,,0.41198325,0.41198325,,,,,,,,,,,
BAU,14,2041,T4FOI_MAR,E4FOI_MAR,,,,,,,,,,,,,,,,,0.42101626,0.42101626,,,,,,,,,,,
BAU,14,2042,T4FOI_MAR,E4FOI_MAR,,,,,,,,,,,,,,,,,0.4302034,0.4302034,,,,,,,,,,,
BAU,14,2043,T4FOI_MAR,E4FOI_MAR,,,,,,,,,,,,,,,,,0.4393506,0.4393506,,,,,,,,,,,
BAU,14,2044,T4FOI_MAR,E4FOI_MAR,,,,,,,,,,,,,,,,,0.4483206,0.4483206,,,,,,,,,,,
BAU,14,2045,T4FOI_MAR,E4FOI_MAR,,,,,,,,,,,,,,,,,0.45745654,0.45745654,,,,,,,,,,,
BAU,14,2046,T4FOI_MAR,E4FOI_MAR,,,,,,,,,,,,,,,,,0.46761345,0.46761345,,,,,,,,,,,
BAU,14,2047,T4FOI_MAR,E4FOI_MAR,,,,,,,,,,,,,,,,,0.47755456,0.47755456,,,,,,,,,,,
BAU,14,2048,T4FOI_MAR,E4FOI_MAR,,,,,,,,,,,,,,,,,0.48767214,0.48767214,,,,,,,,,,,
BAU,14,2049,T4FOI_MAR,E4FOI_MAR,,,,,,,,,,,,,,,,,0.49777224,0.49777224,,,,,,,,,,,
BAU,14,2050,T4FOI_MAR,E4FOI_MAR,,,,,,,,,,,,,,,,,0.50785486,0.50785486,,,,,,,,,,,
BAU,14,2051,T4FOI_MAR,E4FOI_MAR,,,,,,,,,,,,,,,,,0.51792011,0.51792011,,,,,,,,,,,
BAU,14,2052,T4FOI_MAR,E4FOI_MAR,,,,,,,,,,,,,,,,,0.52841865,0.52841865,,,,,,,,,,,
BAU,14,2053,T4FOI_MAR,E4FOI_MAR,,,,,,,,,,,,,,,,,0.5391145,0.5391145,,,,,,,,,,,
BAU,14,2054,T4FOI_MAR,E4FOI_MAR,,,,,,,,,,,,,,,,,0.5498012,0.5498012,,,,,,,,,,,
BAU,14,2055,T4FOI_MAR,E4FOI_MAR,,,,,,,,,,,,,,,,,0.560933,0.560933,,,,,,,,,,,
BAU,14,2021,T4FOI_MAM,E4FOI_MAM,,,,,,,,,,,,,,,,,1.0819,1.0819,,,,,,,,,,,
BAU,14,2022,T4FOI_MAM,E4FOI_MAM,,,,,,,,,,,,,,,,,1.1705,1.1705,,,,,,,,,,,
BAU,14,2023,T4FOI_MAM,E4FOI_MAM,,,,,,,,,,,,,,,,,1.2251,1.2251,,,,,,,,,,,
BAU,14,2024,T4FOI_MAM,E4FOI_MAM,,,,,,,,,,,,,,,,,1.2486,1.2486,,,,,,,,,,,
BAU,14,2025,T4FOI_MAM,E4FOI_MAM,,,,,,,,,,,,,,,,,1.2728,1.2728,,,,,,,,,,,
BAU,14,2026,T4FOI_MAM,E4FOI_MAM,,,,,,,,,,,,,,,,,1.2973,1.2973,,,,,,,,,,,
BAU,14,2027,T4FOI_MAM,E4FOI_MAM,,,,,,,,,,,,,,,,,1.3218,1.3218,,,,,,,,,,,
BAU,14,2028,T4FOI_MAM,E4FOI_MAM,,,,,,,,,,,,,,,,,1.3463,1.3463,,,,,,,,,,,
BAU,14,2029,T4FOI_MAM,E4FOI_MAM,,,,,,,,,,,,,,,,,1.3708,1.3708,,,,,,,,,,,
BAU,14,2030,T4FOI_MAM,E4FOI_MAM,,,,,,,,,,,,,,,,,1.3953,1.3953,,,,,,,,,,,
BAU,14,2031,T4FOI_MAM,E4FOI_MAM,,,,,,,,,,,,,,,,,1.4226,1.4226,,,,,,,,,,,
BAU,14,2032,T4FOI_MAM,E4FOI_MAM,,,,,,,,,,,,,,,,,1.45,1.45,,,,,,,,,,,
BAU,14,2033,T4FOI_MAM,E4FOI_MAM,,,,,,,,,,,,,,,,,1.4773,1.4773,,,,,,,,,,,
BAU,14,2034,T4FOI_MAM,E4FOI_MAM,,,,,,,,,,,,,,,,,1.5046,1.5046,,,,,,,,,,,
BAU,14,2035,T4FOI_MAM,E4FOI_MAM,,,,,,,,,,,,,,,,,1.5319,1.5319,,,,,,,,,,,
BAU,14,2036,T4FOI_MAM,E4FOI_MAM,,,,,,,,,,,,,,,,,1.5653,1.5653,,,,,,,,,,,
BAU,14,2037,T4FOI_MAM,E4FOI_MAM,,,,,,,,,,,,,,,,,1.5987,1.5987,,,,,,,,,,,
BAU,14,2038,T4FOI_MAM,E4FOI_MAM,,,,,,,,,,,,,,,,,1.6321,1.6321,,,,,,,,,,,
BAU,14,2039,T4FOI_MAM,E4FOI_MAM,,,,,,,,,,,,,,,,,1.6655,1.6655,,,,,,,,,,,
BAU,14,2040,T4FOI_MAM,E4FOI_MAM,,,,,,,,,,,,,,,,,1.6989,1.6989,,,,,,,,,,,
BAU,14,2041,T4FOI_MAM,E4FOI_MAM,,,,,,,,,,,,,,,,,1.7383,1.7383,,,,,,,,,,,
BAU,14,2042,T4FOI_MAM,E4FOI_MAM,,,,,,,,,,,,,,,,,1.7777,1.7777,,,,,,,,,,,
BAU,14,2043,T4FOI_MAM,E4FOI_MAM,,,,,,,,,,,,,,,,,1.817,1.817,,,,,,,,,,,
BAU,14,2044,T4FOI_MAM,E4FOI_MAM,,,,,,,,,,,,,,,,,1.8564,1.8564,,,,,,,,,,,
BAU,14,2045,T4FOI_MAM,E4FOI_MAM,,,,,,,,,,,,,,,,,1.8958,1.8958,,,,,,,,,,,
BAU,14,2046,T4FOI_MAM,E4FOI_MAM,,,,,,,,,,,,,,,,,1.9395,1.9395,,,,,,,,,,,
BAU,14,2047,T4FOI_MAM,E4FOI_MAM,,,,,,,,,,,,,,,,,1.9832,1.9832,,,,,,,,,,,
BAU,14,2048,T4FOI_MAM,E4FOI_MAM,,,,,,,,,,,,,,,,,2.0269,2.0269,,,,,,,,,,,
BAU,14,2049,T4FOI_MAM,E4FOI_MAM,,,,,,,,,,,,,,,,,2.0706,2.0706,,,,,,,,,,,
BAU,14,2050,T4FOI_MAM,E4FOI_MAM,,,,,,,,,,,,,,,,,2.1143,2.1143,,,,,,,,,,,
BAU,14,2051,T4FOI_MAM,E4FOI_MAM,,,,,,,,,,,,,,,,,2.1589,2.1589,,,,,,,,,,,
BAU,14,2052,T4FOI_MAM,E4FOI_MAM,,,,,,,,,,,,,,,,,2.2045,2.2045,,,,,,,,,,,
BAU,14,2053,T4FOI_MAM,E4FOI_MAM,,,,,,,,,,,,,,,,,2.251,2.251,,,,,,,,,,,
BAU,14,2054,T4FOI_MAM,E4FOI_MAM,,,,,,,,,,,,,,,,,2.2985,2.2985,,,,,,,,,,,
BAU,14,2055,T4FOI_MAM,E4FOI_MAM,,,,,,,,,,,,,,,,,2.347,2.347,,,,,,,,,,,
BAU,14,2021,T4KER_AVI,E4KER_AVI,,,,,,,,,,,,,,,,,1.0819,1.0819,,,,,,,,,,,
BAU,14,2022,T4KER_AVI,E4KER_AVI,,,,,,,,,,,,,,,,,1.1705,1.1705,,,,,,,,,,,
BAU,14,2023,T4KER_AVI,E4KER_AVI,,,,,,,,,,,,,,,,,1.2251,1.2251,,,,,,,,,,,
BAU,14,2024,T4KER_AVI,E4KER_AVI,,,,,,,,,,,,,,,,,1.2486,1.2486,,,,,,,,,,,
BAU,14,2025,T4KER_AVI,E4KER_AVI,,,,,,,,,,,,,,,,,1.2728,1.2728,,,,,,,,,,,
BAU,14,2026,T4KER_AVI,E4KER_AVI,,,,,,,,,,,,,,,,,1.2973,1.2973,,,,,,,,,,,
BAU,14,2027,T4KER_AVI,E4KER_AVI,,,,,,,,,,,,,,,,,1.3218,1.3218,,,,,,,,,,,
BAU,14,2028,T4KER_AVI,E4KER_AVI,,,,,,,,,,,,,,,,,1.3463,1.3463,,,,,,,,,,,
BAU,14,2029,T4KER_AVI,E4KER_AVI,,,,,,,,,,,,,,,,,1.3708,1.3708,,,,,,,,,,,
BAU,14,2030,T4KER_AVI,E4KER_AVI,,,,,,,,,,,,,,,,,1.3953,1.3953,,,,,,,,,,,
BAU,14,2031,T4KER_AVI,E4KER_AVI,,,,,,,,,,,,,,,,,1.4226,1.4226,,,,,,,,,,,
BAU,14,2032,T4KER_AVI,E4KER_AVI,,,,,,,,,,,,,,,,,1.45,1.45,,,,,,,,,,,
BAU,14,2033,T4KER_AVI,E4KER_AVI,,,,,,,,,,,,,,,,,1.4773,1.4773,,,,,,,,,,,
BAU,14,2034,T4KER_AVI,E4KER_AVI,,,,,,,,,,,,,,,,,1.5046,1.5046,,,,,,,,,,,
BAU,14,2035,T4KER_AVI,E4KER_AVI,,,,,,,,,,,,,,,,,1.5319,1.5319,,,,,,,,,,,
BAU,14,2036,T4KER_AVI,E4KER_AVI,,,,,,,,,,,,,,,,,1.5653,1.5653,,,,,,,,,,,
BAU,14,2037,T4KER_AVI,E4KER_AVI,,,,,,,,,,,,,,,,,1.5987,1.5987,,,,,,,,,,,
BAU,14,2038,T4KER_AVI,E4KER_AVI,,,,,,,,,,,,,,,,,1.6321,1.6321,,,,,,,,,,,
BAU,14,2039,T4KER_AVI,E4KER_AVI,,,,,,,,,,,,,,,,,1.6655,1.6655,,,,,,,,,,,
BAU,14,2040,T4KER_AVI,E4KER_AVI,,,,,,,,,,,,,,,,,1.6989,1.6989,,,,,,,,,,,
BAU,14,2041,T4KER_AVI,E4KER_AVI,,,,,,,,,,,,,,,,,1.7383,1.7383,,,,,,,,,,,
BAU,14,2042,T4KER_AVI,E4KER_AVI,,,,,,,,,,,,,,,,,1.7777,1.7777,,,,,,,,,,,
BAU,14,2043,T4KER_AVI,E4KER_AVI,,,,,,,,,,,,,,,,,1.817,1.817,,,,,,,,,,,
BAU,14,2044,T4KER_AVI,E4KER_AVI,,,,,,,,,,,,,,,,,1.8564,1.8564,,,,,,,,,,,
BAU,14,2045,T4KER_AVI,E4KER_AVI,,,,,,,,,,,,,,,,,1.8958,1.8958,,,,,,,,,,,
BAU,14,2046,T4KER_AVI,E4KER_AVI,,,,,,,,,,,,,,,,,1.9395,1.9395,,,,,,,,,,,
BAU,14,2047,T4KER_AVI,E4KER_AVI,,,,,,,,,,,,,,,,,1.9832,1.9832,,,,,,,,,,,
BAU,14,2048,T4KER_AVI,E4KER_AVI,,,,,,,,,,,,,,,,,2.0269,2.0269,,,,,,,,,,,
BAU,14,2049,T4KER_AVI,E4KER_AVI,,,,,,,,,,,,,,,,,2.0706,2.0706,,,,,,,,,,,
BAU,14,2050,T4KER_AVI,E4KER_AVI,,,,,,,,,,,,,,,,,2.1143,2.1143,,,,,,,,,,,
BAU,14,2051,T4KER_AVI,E4KER_AVI,,,,,,,,,,,,,,,,,2.1589,2.1589,,,,,,,,,,,
BAU,14,2052,T4KER_AVI,E4KER_AVI,,,,,,,,,,,,,,,,,2.2045,2.2045,,,,,,,,,,,
BAU,14,2053,T4KER_AVI,E4KER_AVI,,,,,,,,,,,,,,,,,2.251,2.251,,,,,,,,,,,
BAU,14,2054,T4KER_AVI,E4KER_AVI,,,,,,,,,,,,,,,,,2.2985,2.2985,,,,,,,,,,,
BAU,14,2055,T4KER_AVI,E4KER_AVI,,,,,,,,,,,,,,,,,2.347,2.347,,,,,,,,,,,
BAU,14,2021,TRAUTGSL,E5TRAUT,,,,,,,,,,,,,,,,,5.0204,5.0204,,,,,,,,,,,
BAU,14,2022,TRAUTGSL,E5TRAUT,,,,,,,,,,,,,,,,,5.4315,5.4315,,,,,,,,,,,
BAU,14,2023,TRAUTGSL,E5TRAUT,,,,,,,,,,,,,,,,,5.6849,5.6849,,,,,,,,,,,
BAU,14,2024,TRAUTGSL,E5TRAUT,,,,,,,,,,,,,,,,,5.794,5.794,,,,,,,,,,,
BAU,14,2025,TRAUTGSL,E5TRAUT,,,,,,,,,,,,,,,,,5.9062,5.9062,,,,,,,,,,,
BAU,14,2026,TRAUTGSL,E5TRAUT,,,,,,,,,,,,,,,,,6.0078,6.0078,,,,,,,,,,,
BAU,14,2027,TRAUTGSL,E5TRAUT,,,,,,,,,,,,,,,,,6.0914,6.0914,,,,,,,,,,,
BAU,14,2028,TRAUTGSL,E5TRAUT,,,,,,,,,,,,,,,,,6.1743,6.1743,,,,,,,,,,,
BAU,14,2029,TRAUTGSL,E5TRAUT,,,,,,,,,,,,,,,,,6.256,6.256,,,,,,,,,,,
BAU,14,2030,TRAUTGSL,E5TRAUT,,,,,,,,,,,,,,,,,6.3365,6.3365,,,,,,,,,,,
BAU,14,2031,TRAUTGSL,E5TRAUT,,,,,,,,,,,,,,,,,6.4256,6.4256,,,,,,,,,,,
BAU,14,2032,TRAUTGSL,E5TRAUT,,,,,,,,,,,,,,,,,6.5133,6.5133,,,,,,,,,,,
BAU,14,2033,TRAUTGSL,E5TRAUT,,,,,,,,,,,,,,,,,6.5998,6.5998,,,,,,,,,,,
BAU,14,2034,TRAUTGSL,E5TRAUT,,,,,,,,,,,,,,,,,6.6853,6.6853,,,,,,,,,,,
BAU,14,2035,TRAUTGSL,E5TRAUT,,,,,,,,,,,,,,,,,6.7694,6.7694,,,,,,,,,,,
BAU,14,2036,TRAUTGSL,E5TRAUT,,,,,,,,,,,,,,,,,6.8788,6.8788,,,,,,,,,,,
BAU,14,2037,TRAUTGSL,E5TRAUT,,,,,,,,,,,,,,,,,6.987,6.987,,,,,,,,,,,
BAU,14,2038,TRAUTGSL,E5TRAUT,,,,,,,,,,,,,,,,,7.0936,7.0936,,,,,,,,,,,
BAU,14,2039,TRAUTGSL,E5TRAUT,,,,,,,,,,,,,,,,,7.1986,7.1986,,,,,,,,,,,
BAU,14,2040,TRAUTGSL,E5TRAUT,,,,,,,,,,,,,,,,,7.3022,7.3022,,,,,,,,,,,
BAU,14,2041,TRAUTGSL,E5TRAUT,,,,,,,,,,,,,,,,,7.4297,7.4297,,,,,,,,,,,
BAU,14,2042,TRAUTGSL,E5TRAUT,,,,,,,,,,,,,,,,,7.5556,7.5556,,,,,,,,,,,
BAU,14,2043,TRAUTGSL,E5TRAUT,,,,,,,,,,,,,,,,,7.6797,7.6797,,,,,,,,,,,
BAU,14,2044,TRAUTGSL,E5TRAUT,,,,,,,,,,,,,,,,,7.802,7.802,,,,,,,,,,,
BAU,14,2045,TRAUTGSL,E5TRAUT,,,,,,,,,,,,,,,,,7.9226,7.9226,,,,,,,,,,,
BAU,14,2046,TRAUTGSL,E5TRAUT,,,,,,,,,,,,,,,,,8.0594,8.0594,,,,,,,,,,,
BAU,14,2047,TRAUTGSL,E5TRAUT,,,,,,,,,,,,,,,,,8.1942,8.1942,,,,,,,,,,,
BAU,14,2048,TRAUTGSL,E5TRAUT,,,,,,,,,,,,,,,,,8.3272,8.3272,,,,,,,,,,,
BAU,14,2049,TRAUTGSL,E5TRAUT,,,,,,,,,,,,,,,,,8.4583,8.4583,,,,,,,,,,,
BAU,14,2050,TRAUTGSL,E5TRAUT,,,,,,,,,,,,,,,,,8.5875,8.5875,,,,,,,,,,,
BAU,14,2051,TRAUTGSL,E5TRAUT,,,,,,,,,,,,,,,,,8.7417,8.7417,,,,,,,,,,,
BAU,14,2052,TRAUTGSL,E5TRAUT,,,,,,,,,,,,,,,,,8.8987,8.8987,,,,,,,,,,,
BAU,14,2053,TRAUTGSL,E5TRAUT,,,,,,,,,,,,,,,,,9.0583,9.0583,,,,,,,,,,,
BAU,14,2054,TRAUTGSL,E5TRAUT,,,,,,,,,,,,,,,,,9.2208,9.2208,,,,,,,,,,,
BAU,14,2055,TRAUTGSL,E5TRAUT,,,,,,,,,,,,,,,,,9.3861,9.3861,,,,,,,,,,,
BAU,14,2026,TRAUTELE,E5TRAUT,,,,,,,,,,,,,,,,,0.0121,0.0121,,,,,,,,,,,
BAU,14,2027,TRAUTELE,E5TRAUT,,,,,,,,,,,,,,,,,0.0246,0.0246,,,,,,,,,,,
BAU,14,2028,TRAUTELE,E5TRAUT,,,,,,,,,,,,,,,,,0.0373,0.0373,,,,,,,,,,,
BAU,14,2029,TRAUTELE,E5TRAUT,,,,,,,,,,,,,,,,,0.0505,0.0505,,,,,,,,,,,
BAU,14,2030,TRAUTELE,E5TRAUT,,,,,,,,,,,,,,,,,0.0641,0.0641,,,,,,,,,,,
BAU,14,2031,TRAUTELE,E5TRAUT,,,,,,,,,,,,,,,,,0.0815,0.0815,,,,,,,,,,,
BAU,14,2032,TRAUTELE,E5TRAUT,,,,,,,,,,,,,,,,,0.0994,0.0994,,,,,,,,,,,
BAU,14,2033,TRAUTELE,E5TRAUT,,,,,,,,,,,,,,,,,0.1178,0.1178,,,,,,,,,,,
BAU,14,2034,TRAUTELE,E5TRAUT,,,,,,,,,,,,,,,,,0.1367,0.1367,,,,,,,,,,,
BAU,14,2035,TRAUTELE,E5TRAUT,,,,,,,,,,,,,,,,,0.1561,0.1561,,,,,,,,,,,
BAU,14,2036,TRAUTELE,E5TRAUT,,,,,,,,,,,,,,,,,0.1768,0.1768,,,,,,,,,,,
BAU,14,2037,TRAUTELE,E5TRAUT,,,,,,,,,,,,,,,,,0.198,0.198,,,,,,,,,,,
BAU,14,2038,TRAUTELE,E5TRAUT,,,,,,,,,,,,,,,,,0.2198,0.2198,,,,,,,,,,,
BAU,14,2039,TRAUTELE,E5TRAUT,,,,,,,,,,,,,,,,,0.2423,0.2423,,,,,,,,,,,
BAU,14,2040,TRAUTELE,E5TRAUT,,,,,,,,,,,,,,,,,0.2654,0.2654,,,,,,,,,,,
BAU,14,2041,TRAUTELE,E5TRAUT,,,,,,,,,,,,,,,,,0.2901,0.2901,,,,,,,,,,,
BAU,14,2042,TRAUTELE,E5TRAUT,,,,,,,,,,,,,,,,,0.3155,0.3155,,,,,,,,,,,
BAU,14,2043,TRAUTELE,E5TRAUT,,,,,,,,,,,,,,,,,0.3416,0.3416,,,,,,,,,,,
BAU,14,2044,TRAUTELE,E5TRAUT,,,,,,,,,,,,,,,,,0.3684,0.3684,,,,,,,,,,,
BAU,14,2045,TRAUTELE,E5TRAUT,,,,,,,,,,,,,,,,,0.3959,0.3959,,,,,,,,,,,
BAU,14,2046,TRAUTELE,E5TRAUT,,,,,,,,,,,,,,,,,0.4251,0.4251,,,,,,,,,,,
BAU,14,2047,TRAUTELE,E5TRAUT,,,,,,,,,,,,,,,,,0.455,0.455,,,,,,,,,,,
BAU,14,2048,TRAUTELE,E5TRAUT,,,,,,,,,,,,,,,,,0.4857,0.4857,,,,,,,,,,,
BAU,14,2049,TRAUTELE,E5TRAUT,,,,,,,,,,,,,,,,,0.5171,0.5171,,,,,,,,,,,
BAU,14,2050,TRAUTELE,E5TRAUT,,,,,,,,,,,,,,,,,0.5493,0.5493,,,,,,,,,,,
BAU,14,2051,TRAUTELE,E5TRAUT,,,,,,,,,,,,,,,,,0.5592,0.5592,,,,,,,,,,,
BAU,14,2052,TRAUTELE,E5TRAUT,,,,,,,,,,,,,,,,,0.5692,0.5692,,,,,,,,,,,
BAU,14,2053,TRAUTELE,E5TRAUT,,,,,,,,,,,,,,,,,0.5795,0.5795,,,,,,,,,,,
BAU,14,2054,TRAUTELE,E5TRAUT,,,,,,,,,,,,,,,,,0.5898,0.5898,,,,,,,,,,,
BAU,14,2055,TRAUTELE,E5TRAUT,,,,,,,,,,,,,,,,,0.6004,0.6004,,,,,,,,,,,
BAU,14,2021,TRMOTGSL,E5TRMOT,,,,,,,,,,,,,,,,,0.3664,0.3664,,,,,,,,,,,
BAU,14,2022,TRMOTGSL,E5TRMOT,,,,,,,,,,,,,,,,,0.3964,0.3964,,,,,,,,,,,
BAU,14,2023,TRMOTGSL,E5TRMOT,,,,,,,,,,,,,,,,,0.4149,0.4149,,,,,,,,,,,
BAU,14,2024,TRMOTGSL,E5TRMOT,,,,,,,,,,,,,,,,,0.42283636,0.42283636,,,,,,,,,,,
BAU,14,2025,TRMOTGSL,E5TRMOT,,,,,,,,,,,,,,,,,0.43107273,0.43107273,,,,,,,,,,,
BAU,14,2026,TRMOTGSL,E5TRMOT,,,,,,,,,,,,,,,,,0.43843636,0.43843636,,,,,,,,,,,
BAU,14,2027,TRMOTGSL,E5TRMOT,,,,,,,,,,,,,,,,,0.4446,0.4446,,,,,,,,,,,
BAU,14,2028,TRMOTGSL,E5TRMOT,,,,,,,,,,,,,,,,,0.4506,0.4506,,,,,,,,,,,
BAU,14,2029,TRMOTGSL,E5TRMOT,,,,,,,,,,,,,,,,,0.4565,0.4565,,,,,,,,,,,
BAU,14,2030,TRMOTGSL,E5TRMOT,,,,,,,,,,,,,,,,,0.4624,0.4624,,,,,,,,,,,
BAU,14,2031,TRMOTGSL,E5TRMOT,,,,,,,,,,,,,,,,,0.469,0.469,,,,,,,,,,,
BAU,14,2032,TRMOTGSL,E5TRMOT,,,,,,,,,,,,,,,,,0.4753,0.4753,,,,,,,,,,,
BAU,14,2033,TRMOTGSL,E5TRMOT,,,,,,,,,,,,,,,,,0.4817,0.4817,,,,,,,,,,,
BAU,14,2034,TRMOTGSL,E5TRMOT,,,,,,,,,,,,,,,,,0.4878,0.4878,,,,,,,,,,,
BAU,14,2035,TRMOTGSL,E5TRMOT,,,,,,,,,,,,,,,,,0.494,0.494,,,,,,,,,,,
BAU,14,2036,TRMOTGSL,E5TRMOT,,,,,,,,,,,,,,,,,0.502,0.502,,,,,,,,,,,
BAU,14,2037,TRMOTGSL,E5TRMOT,,,,,,,,,,,,,,,,,0.50998182,0.50998182,,,,,,,,,,,
BAU,14,2038,TRMOTGSL,E5TRMOT,,,,,,,,,,,,,,,,,0.5177,0.5177,,,,,,,,,,,
BAU,14,2039,TRMOTGSL,E5TRMOT,,,,,,,,,,,,,,,,,0.52540909,0.52540909,,,,,,,,,,,
BAU,14,2040,TRMOTGSL,E5TRMOT,,,,,,,,,,,,,,,,,0.5328,0.5328,,,,,,,,,,,
BAU,14,2041,TRMOTGSL,E5TRMOT,,,,,,,,,,,,,,,,,0.5422,0.5422,,,,,,,,,,,
BAU,14,2042,TRMOTGSL,E5TRMOT,,,,,,,,,,,,,,,,,0.55151818,0.55151818,,,,,,,,,,,
BAU,14,2043,TRMOTGSL,E5TRMOT,,,,,,,,,,,,,,,,,0.56050909,0.56050909,,,,,,,,,,,
BAU,14,2044,TRMOTGSL,E5TRMOT,,,,,,,,,,,,,,,,,0.56946364,0.56946364,,,,,,,,,,,
BAU,14,2045,TRMOTGSL,E5TRMOT,,,,,,,,,,,,,,,,,0.5782,0.5782,,,,,,,,,,,
BAU,14,2046,TRMOTGSL,E5TRMOT,,,,,,,,,,,,,,,,,0.5882,0.5882,,,,,,,,,,,
BAU,14,2047,TRMOTGSL,E5TRMOT,,,,,,,,,,,,,,,,,0.598,0.598,,,,,,,,,,,
BAU,14,2048,TRMOTGSL,E5TRMOT,,,,,,,,,,,,,,,,,0.6076,0.6076,,,,,,,,,,,
BAU,14,2049,TRMOTGSL,E5TRMOT,,,,,,,,,,,,,,,,,0.6172,0.6172,,,,,,,,,,,
BAU,14,2050,TRMOTGSL,E5TRMOT,,,,,,,,,,,,,,,,,0.6272,0.6272,,,,,,,,,,,
BAU,14,2051,TRMOTGSL,E5TRMOT,,,,,,,,,,,,,,,,,0.6384,0.6384,,,,,,,,,,,
BAU,14,2052,TRMOTGSL,E5TRMOT,,,,,,,,,,,,,,,,,0.6499,0.6499,,,,,,,,,,,
BAU,14,2053,TRMOTGSL,E5TRMOT,,,,,,,,,,,,,,,,,0.6616,0.6616,,,,,,,,,,,
BAU,14,2054,TRMOTGSL,E5TRMOT,,,,,,,,,,,,,,,,,0.6735,0.6735,,,,,,,,,,,
BAU,14,2055,TRMOTGSL,E5TRMOT,,,,,,,,,,,,,,,,,0.6856,0.6856,,,,,,,,,,,
BAU,14,2026,TRMOTELE,E5TRMOT,,,,,,,,,,,,,,,,,0.0009,0.0009,,,,,,,,,,,
BAU,14,2027,TRMOTELE,E5TRMOT,,,,,,,,,,,,,,,,,0.0018,0.0018,,,,,,,,,,,
BAU,14,2028,TRMOTELE,E5TRMOT,,,,,,,,,,,,,,,,,0.0027,0.0027,,,,,,,,,,,
BAU,14,2029,TRMOTELE,E5TRMOT,,,,,,,,,,,,,,,,,0.0037,0.0037,,,,,,,,,,,
BAU,14,2030,TRMOTELE,E5TRMOT,,,,,,,,,,,,,,,,,0.0047,0.0047,,,,,,,,,,,
BAU,14,2031,TRMOTELE,E5TRMOT,,,,,,,,,,,,,,,,,0.0059,0.0059,,,,,,,,,,,
BAU,14,2032,TRMOTELE,E5TRMOT,,,,,,,,,,,,,,,,,0.0073,0.0073,,,,,,,,,,,
BAU,14,2033,TRMOTELE,E5TRMOT,,,,,,,,,,,,,,,,,0.0086,0.0086,,,,,,,,,,,
BAU,14,2034,TRMOTELE,E5TRMOT,,,,,,,,,,,,,,,,,0.01,0.01,,,,,,,,,,,
BAU,14,2035,TRMOTELE,E5TRMOT,,,,,,,,,,,,,,,,,0.0114,0.0114,,,,,,,,,,,
BAU,14,2036,TRMOTELE,E5TRMOT,,,,,,,,,,,,,,,,,0.0129,0.0129,,,,,,,,,,,
BAU,14,2037,TRMOTELE,E5TRMOT,,,,,,,,,,,,,,,,,0.0144,0.0144,,,,,,,,,,,
BAU,14,2038,TRMOTELE,E5TRMOT,,,,,,,,,,,,,,,,,0.016,0.016,,,,,,,,,,,
BAU,14,2039,TRMOTELE,E5TRMOT,,,,,,,,,,,,,,,,,0.0176,0.0176,,,,,,,,,,,
BAU,14,2040,TRMOTELE,E5TRMOT,,,,,,,,,,,,,,,,,0.0194,0.0194,,,,,,,,,,,
BAU,14,2041,TRMOTELE,E5TRMOT,,,,,,,,,,,,,,,,,0.0212,0.0212,,,,,,,,,,,
BAU,14,2042,TRMOTELE,E5TRMOT,,,,,,,,,,,,,,,,,0.023,0.023,,,,,,,,,,,
BAU,14,2043,TRMOTELE,E5TRMOT,,,,,,,,,,,,,,,,,0.0249,0.0249,,,,,,,,,,,
BAU,14,2044,TRMOTELE,E5TRMOT,,,,,,,,,,,,,,,,,0.0269,0.0269,,,,,,,,,,,
BAU,14,2045,TRMOTELE,E5TRMOT,,,,,,,,,,,,,,,,,0.0289,0.0289,,,,,,,,,,,
BAU,14,2046,TRMOTELE,E5TRMOT,,,,,,,,,,,,,,,,,0.031,0.031,,,,,,,,,,,
BAU,14,2047,TRMOTELE,E5TRMOT,,,,,,,,,,,,,,,,,0.0332,0.0332,,,,,,,,,,,
BAU,14,2048,TRMOTELE,E5TRMOT,,,,,,,,,,,,,,,,,0.0355,0.0355,,,,,,,,,,,
BAU,14,2049,TRMOTELE,E5TRMOT,,,,,,,,,,,,,,,,,0.0378,0.0378,,,,,,,,,,,
BAU,14,2050,TRMOTELE,E5TRMOT,,,,,,,,,,,,,,,,,0.0396,0.0396,,,,,,,,,,,
BAU,14,2051,TRMOTELE,E5TRMOT,,,,,,,,,,,,,,,,,0.0403,0.0403,,,,,,,,,,,
BAU,14,2052,TRMOTELE,E5TRMOT,,,,,,,,,,,,,,,,,0.041,0.041,,,,,,,,,,,
BAU,14,2053,TRMOTELE,E5TRMOT,,,,,,,,,,,,,,,,,0.0417,0.0417,,,,,,,,,,,
BAU,14,2054,TRMOTELE,E5TRMOT,,,,,,,,,,,,,,,,,0.0425,0.0425,,,,,,,,,,,
BAU,14,2055,TRMOTELE,E5TRMOT,,,,,,,,,,,,,,,,,0.0432,0.0432,,,,,,,,,,,
BAU,14,2021,TRSUVDSL,E5TRSUV,,,,,,,,,,,,,,,,,0.1112,0.1112,,,,,,,,,,,
BAU,14,2022,TRSUVDSL,E5TRSUV,,,,,,,,,,,,,,,,,0.1236,0.1236,,,,,,,,,,,
BAU,14,2023,TRSUVDSL,E5TRSUV,,,,,,,,,,,,,,,,,0.1293,0.1293,,,,,,,,,,,
BAU,14,2024,TRSUVDSL,E5TRSUV,,,,,,,,,,,,,,,,,0.1319,0.1319,,,,,,,,,,,
BAU,14,2025,TRSUVDSL,E5TRSUV,,,,,,,,,,,,,,,,,0.1344,0.1344,,,,,,,,,,,
BAU,14,2026,TRSUVDSL,E5TRSUV,,,,,,,,,,,,,,,,,0.1459,0.1459,,,,,,,,,,,
BAU,14,2027,TRSUVDSL,E5TRSUV,,,,,,,,,,,,,,,,,0.156,0.156,,,,,,,,,,,
BAU,14,2028,TRSUVDSL,E5TRSUV,,,,,,,,,,,,,,,,,0.1659,0.1659,,,,,,,,,,,
BAU,14,2029,TRSUVDSL,E5TRSUV,,,,,,,,,,,,,,,,,0.1779,0.1779,,,,,,,,,,,
BAU,14,2030,TRSUVDSL,E5TRSUV,,,,,,,,,,,,,,,,,0.1911,0.1911,,,,,,,,,,,
BAU,14,2031,TRSUVDSL,E5TRSUV,,,,,,,,,,,,,,,,,0.2049,0.2049,,,,,,,,,,,
BAU,14,2032,TRSUVDSL,E5TRSUV,,,,,,,,,,,,,,,,,0.2191,0.2191,,,,,,,,,,,
BAU,14,2033,TRSUVDSL,E5TRSUV,,,,,,,,,,,,,,,,,0.2335,0.2335,,,,,,,,,,,
BAU,14,2034,TRSUVDSL,E5TRSUV,,,,,,,,,,,,,,,,,0.2483,0.2483,,,,,,,,,,,
BAU,14,2035,TRSUVDSL,E5TRSUV,,,,,,,,,,,,,,,,,0.2635,0.2635,,,,,,,,,,,
BAU,14,2036,TRSUVDSL,E5TRSUV,,,,,,,,,,,,,,,,,0.28,0.28,,,,,,,,,,,
BAU,14,2037,TRSUVDSL,E5TRSUV,,,,,,,,,,,,,,,,,0.3095,0.3095,,,,,,,,,,,
BAU,14,2038,TRSUVDSL,E5TRSUV,,,,,,,,,,,,,,,,,0.3272,0.3272,,,,,,,,,,,
BAU,14,2039,TRSUVDSL,E5TRSUV,,,,,,,,,,,,,,,,,0.345,0.345,,,,,,,,,,,
BAU,14,2040,TRSUVDSL,E5TRSUV,,,,,,,,,,,,,,,,,0.3634,0.3634,,,,,,,,,,,
BAU,14,2041,TRSUVDSL,E5TRSUV,,,,,,,,,,,,,,,,,0.3688,0.3688,,,,,,,,,,,
BAU,14,2042,TRSUVDSL,E5TRSUV,,,,,,,,,,,,,,,,,0.3739,0.3739,,,,,,,,,,,
BAU,14,2043,TRSUVDSL,E5TRSUV,,,,,,,,,,,,,,,,,0.3792,0.3792,,,,,,,,,,,
BAU,14,2044,TRSUVDSL,E5TRSUV,,,,,,,,,,,,,,,,,0.3842,0.3842,,,,,,,,,,,
BAU,14,2045,TRSUVDSL,E5TRSUV,,,,,,,,,,,,,,,,,0.3892,0.3892,,,,,,,,,,,
BAU,14,2046,TRSUVDSL,E5TRSUV,,,,,,,,,,,,,,,,,0.3957,0.3957,,,,,,,,,,,
BAU,14,2047,TRSUVDSL,E5TRSUV,,,,,,,,,,,,,,,,,0.404,0.404,,,,,,,,,,,
BAU,14,2048,TRSUVDSL,E5TRSUV,,,,,,,,,,,,,,,,,0.4122,0.4122,,,,,,,,,,,
BAU,14,2049,TRSUVDSL,E5TRSUV,,,,,,,,,,,,,,,,,0.4205,0.4205,,,,,,,,,,,
BAU,14,2050,TRSUVDSL,E5TRSUV,,,,,,,,,,,,,,,,,0.4288,0.4288,,,,,,,,,,,
BAU,14,2051,TRSUVDSL,E5TRSUV,,,,,,,,,,,,,,,,,0.4364,0.4364,,,,,,,,,,,
BAU,14,2052,TRSUVDSL,E5TRSUV,,,,,,,,,,,,,,,,,0.4443,0.4443,,,,,,,,,,,
BAU,14,2053,TRSUVDSL,E5TRSUV,,,,,,,,,,,,,,,,,0.4522,0.4522,,,,,,,,,,,
BAU,14,2054,TRSUVDSL,E5TRSUV,,,,,,,,,,,,,,,,,0.4603,0.4603,,,,,,,,,,,
BAU,14,2055,TRSUVDSL,E5TRSUV,,,,,,,,,,,,,,,,,0.4686,0.4686,,,,,,,,,,,
BAU,14,2021,TRSUVGSL,E5TRSUV,,,,,,,,,,,,,,,,,0.2443,0.2443,,,,,,,,,,,
BAU,14,2022,TRSUVGSL,E5TRSUV,,,,,,,,,,,,,,,,,0.261,0.261,,,,,,,,,,,
BAU,14,2023,TRSUVGSL,E5TRSUV,,,,,,,,,,,,,,,,,0.2733,0.2733,,,,,,,,,,,
BAU,14,2024,TRSUVGSL,E5TRSUV,,,,,,,,,,,,,,,,,0.2784,0.2784,,,,,,,,,,,
BAU,14,2025,TRSUVGSL,E5TRSUV,,,,,,,,,,,,,,,,,0.2838,0.2838,,,,,,,,,,,
BAU,14,2026,TRSUVGSL,E5TRSUV,,,,,,,,,,,,,,,,,0.2795,0.2795,,,,,,,,,,,
BAU,14,2027,TRSUVGSL,E5TRSUV,,,,,,,,,,,,,,,,,0.2754,0.2754,,,,,,,,,,,
BAU,14,2028,TRSUVGSL,E5TRSUV,,,,,,,,,,,,,,,,,0.2713,0.2713,,,,,,,,,,,
BAU,14,2029,TRSUVGSL,E5TRSUV,,,,,,,,,,,,,,,,,0.26518125,0.26518125,,,,,,,,,,,
BAU,14,2030,TRSUVGSL,E5TRSUV,,,,,,,,,,,,,,,,,0.25770625,0.25770625,,,,,,,,,,,
BAU,14,2031,TRSUVGSL,E5TRSUV,,,,,,,,,,,,,,,,,0.2502,0.2502,,,,,,,,,,,
BAU,14,2032,TRSUVGSL,E5TRSUV,,,,,,,,,,,,,,,,,0.2423,0.2423,,,,,,,,,,,
BAU,14,2033,TRSUVGSL,E5TRSUV,,,,,,,,,,,,,,,,,0.23403125,0.23403125,,,,,,,,,,,
BAU,14,2034,TRSUVGSL,E5TRSUV,,,,,,,,,,,,,,,,,0.2252,0.2252,,,,,,,,,,,
BAU,14,2035,TRSUVGSL,E5TRSUV,,,,,,,,,,,,,,,,,0.21604375,0.21604375,,,,,,,,,,,
BAU,14,2036,TRSUVGSL,E5TRSUV,,,,,,,,,,,,,,,,,0.2072,0.2072,,,,,,,,,,,
BAU,14,2037,TRSUVGSL,E5TRSUV,,,,,,,,,,,,,,,,,0.1852,0.1852,,,,,,,,,,,
BAU,14,2038,TRSUVGSL,E5TRSUV,,,,,,,,,,,,,,,,,0.1751,0.1751,,,,,,,,,,,
BAU,14,2039,TRSUVGSL,E5TRSUV,,,,,,,,,,,,,,,,,0.1647,0.1647,,,,,,,,,,,
BAU,14,2040,TRSUVGSL,E5TRSUV,,,,,,,,,,,,,,,,,0.1537,0.1537,,,,,,,,,,,
BAU,14,2041,TRSUVGSL,E5TRSUV,,,,,,,,,,,,,,,,,0.1574,0.1574,,,,,,,,,,,
BAU,14,2042,TRSUVGSL,E5TRSUV,,,,,,,,,,,,,,,,,0.161,0.161,,,,,,,,,,,
BAU,14,2043,TRSUVGSL,E5TRSUV,,,,,,,,,,,,,,,,,0.1646,0.1646,,,,,,,,,,,
BAU,14,2044,TRSUVGSL,E5TRSUV,,,,,,,,,,,,,,,,,0.1682,0.1682,,,,,,,,,,,
BAU,14,2045,TRSUVGSL,E5TRSUV,,,,,,,,,,,,,,,,,0.1719,0.1719,,,,,,,,,,,
BAU,14,2046,TRSUVGSL,E5TRSUV,,,,,,,,,,,,,,,,,0.1759,0.1759,,,,,,,,,,,
BAU,14,2047,TRSUVGSL,E5TRSUV,,,,,,,,,,,,,,,,,0.1799,0.1799,,,,,,,,,,,
BAU,14,2048,TRSUVGSL,E5TRSUV,,,,,,,,,,,,,,,,,0.1839,0.1839,,,,,,,,,,,
BAU,14,2049,TRSUVGSL,E5TRSUV,,,,,,,,,,,,,,,,,0.1879,0.1879,,,,,,,,,,,
BAU,14,2050,TRSUVGSL,E5TRSUV,,,,,,,,,,,,,,,,,0.1919,0.1919,,,,,,,,,,,
BAU,14,2051,TRSUVGSL,E5TRSUV,,,,,,,,,,,,,,,,,0.1954,0.1954,,,,,,,,,,,
BAU,14,2052,TRSUVGSL,E5TRSUV,,,,,,,,,,,,,,,,,0.1989,0.1989,,,,,,,,,,,
BAU,14,2053,TRSUVGSL,E5TRSUV,,,,,,,,,,,,,,,,,0.2025,0.2025,,,,,,,,,,,
BAU,14,2054,TRSUVGSL,E5TRSUV,,,,,,,,,,,,,,,,,0.2062,0.2062,,,,,,,,,,,
BAU,14,2055,TRSUVGSL,E5TRSUV,,,,,,,,,,,,,,,,,0.2098,0.2098,,,,,,,,,,,
BAU,14,2026,TRSUVELE,E5TRSUV,,,,,,,,,,,,,,,,,0.0009,0.0009,,,,,,,,,,,
BAU,14,2027,TRSUVELE,E5TRSUV,,,,,,,,,,,,,,,,,0.0017,0.0017,,,,,,,,,,,
BAU,14,2028,TRSUVELE,E5TRSUV,,,,,,,,,,,,,,,,,0.0027,0.0027,,,,,,,,,,,
BAU,14,2029,TRSUVELE,E5TRSUV,,,,,,,,,,,,,,,,,0.0035,0.0035,,,,,,,,,,,
BAU,14,2030,TRSUVELE,E5TRSUV,,,,,,,,,,,,,,,,,0.0045,0.0045,,,,,,,,,,,
BAU,14,2031,TRSUVELE,E5TRSUV,,,,,,,,,,,,,,,,,0.0057,0.0057,,,,,,,,,,,
BAU,14,2032,TRSUVELE,E5TRSUV,,,,,,,,,,,,,,,,,0.0069,0.0069,,,,,,,,,,,
BAU,14,2033,TRSUVELE,E5TRSUV,,,,,,,,,,,,,,,,,0.0082,0.0082,,,,,,,,,,,
BAU,14,2034,TRSUVELE,E5TRSUV,,,,,,,,,,,,,,,,,0.0096,0.0096,,,,,,,,,,,
BAU,14,2035,TRSUVELE,E5TRSUV,,,,,,,,,,,,,,,,,0.0109,0.0109,,,,,,,,,,,
BAU,14,2036,TRSUVELE,E5TRSUV,,,,,,,,,,,,,,,,,0.0125,0.0125,,,,,,,,,,,
BAU,14,2037,TRSUVELE,E5TRSUV,,,,,,,,,,,,,,,,,0.0141,0.0141,,,,,,,,,,,
BAU,14,2038,TRSUVELE,E5TRSUV,,,,,,,,,,,,,,,,,0.0156,0.0156,,,,,,,,,,,
BAU,14,2039,TRSUVELE,E5TRSUV,,,,,,,,,,,,,,,,,0.0172,0.0172,,,,,,,,,,,
BAU,14,2040,TRSUVELE,E5TRSUV,,,,,,,,,,,,,,,,,0.0188,0.0188,,,,,,,,,,,
BAU,14,2041,TRSUVELE,E5TRSUV,,,,,,,,,,,,,,,,,0.0205,0.0205,,,,,,,,,,,
BAU,14,2042,TRSUVELE,E5TRSUV,,,,,,,,,,,,,,,,,0.0224,0.0224,,,,,,,,,,,
BAU,14,2043,TRSUVELE,E5TRSUV,,,,,,,,,,,,,,,,,0.0242,0.0242,,,,,,,,,,,
BAU,14,2044,TRSUVELE,E5TRSUV,,,,,,,,,,,,,,,,,0.0261,0.0261,,,,,,,,,,,
BAU,14,2045,TRSUVELE,E5TRSUV,,,,,,,,,,,,,,,,,0.028,0.028,,,,,,,,,,,
BAU,14,2046,TRSUVELE,E5TRSUV,,,,,,,,,,,,,,,,,0.0297,0.0297,,,,,,,,,,,
BAU,14,2047,TRSUVELE,E5TRSUV,,,,,,,,,,,,,,,,,0.0318,0.0318,,,,,,,,,,,
BAU,14,2048,TRSUVELE,E5TRSUV,,,,,,,,,,,,,,,,,0.0339,0.0339,,,,,,,,,,,
BAU,14,2049,TRSUVELE,E5TRSUV,,,,,,,,,,,,,,,,,0.0362,0.0362,,,,,,,,,,,
BAU,14,2050,TRSUVELE,E5TRSUV,,,,,,,,,,,,,,,,,0.0384,0.0384,,,,,,,,,,,
BAU,14,2051,TRSUVELE,E5TRSUV,,,,,,,,,,,,,,,,,0.0391,0.0391,,,,,,,,,,,
BAU,14,2052,TRSUVELE,E5TRSUV,,,,,,,,,,,,,,,,,0.0398,0.0398,,,,,,,,,,,
BAU,14,2053,TRSUVELE,E5TRSUV,,,,,,,,,,,,,,,,,0.0405,0.0405,,,,,,,,,,,
BAU,14,2054,TRSUVELE,E5TRSUV,,,,,,,,,,,,,,,,,0.0412,0.0412,,,,,,,,,,,
BAU,14,2055,TRSUVELE,E5TRSUV,,,,,,,,,,,,,,,,,0.0419,0.0419,,,,,,,,,,,
BAU,14,2021,TRTAXGSL,E5TRTAX,,,,,,,,,,,,,,,,,0.8712,0.8712,,,,,,,,,,,
BAU,14,2022,TRTAXGSL,E5TRTAX,,,,,,,,,,,,,,,,,0.9426,0.9426,,,,,,,,,,,
BAU,14,2023,TRTAXGSL,E5TRTAX,,,,,,,,,,,,,,,,,0.9865,0.9865,,,,,,,,,,,
BAU,14,2024,TRTAXGSL,E5TRTAX,,,,,,,,,,,,,,,,,1.0055,1.0055,,,,,,,,,,,
BAU,14,2025,TRTAXGSL,E5TRTAX,,,,,,,,,,,,,,,,,1.025,1.025,,,,,,,,,,,
BAU,14,2026,TRTAXGSL,E5TRTAX,,,,,,,,,,,,,,,,,1.0426,1.0426,,,,,,,,,,,
BAU,14,2027,TRTAXGSL,E5TRTAX,,,,,,,,,,,,,,,,,1.0571,1.0571,,,,,,,,,,,
BAU,14,2028,TRTAXGSL,E5TRTAX,,,,,,,,,,,,,,,,,1.0714,1.0714,,,,,,,,,,,
BAU,14,2029,TRTAXGSL,E5TRTAX,,,,,,,,,,,,,,,,,1.0857,1.0857,,,,,,,,,,,
BAU,14,2030,TRTAXGSL,E5TRTAX,,,,,,,,,,,,,,,,,1.0996,1.0996,,,,,,,,,,,
BAU,14,2031,TRTAXGSL,E5TRTAX,,,,,,,,,,,,,,,,,1.115,1.115,,,,,,,,,,,
BAU,14,2032,TRTAXGSL,E5TRTAX,,,,,,,,,,,,,,,,,1.1304,1.1304,,,,,,,,,,,
BAU,14,2033,TRTAXGSL,E5TRTAX,,,,,,,,,,,,,,,,,1.1454,1.1454,,,,,,,,,,,
BAU,14,2034,TRTAXGSL,E5TRTAX,,,,,,,,,,,,,,,,,1.1602,1.1602,,,,,,,,,,,
BAU,14,2035,TRTAXGSL,E5TRTAX,,,,,,,,,,,,,,,,,1.1747,1.1747,,,,,,,,,,,
BAU,14,2036,TRTAXGSL,E5TRTAX,,,,,,,,,,,,,,,,,1.1938,1.1938,,,,,,,,,,,
BAU,14,2037,TRTAXGSL,E5TRTAX,,,,,,,,,,,,,,,,,1.2125,1.2125,,,,,,,,,,,
BAU,14,2038,TRTAXGSL,E5TRTAX,,,,,,,,,,,,,,,,,1.2309,1.2309,,,,,,,,,,,
BAU,14,2039,TRTAXGSL,E5TRTAX,,,,,,,,,,,,,,,,,1.2493,1.2493,,,,,,,,,,,
BAU,14,2040,TRTAXGSL,E5TRTAX,,,,,,,,,,,,,,,,,1.2672,1.2672,,,,,,,,,,,
BAU,14,2041,TRTAXGSL,E5TRTAX,,,,,,,,,,,,,,,,,1.2894,1.2894,,,,,,,,,,,
BAU,14,2042,TRTAXGSL,E5TRTAX,,,,,,,,,,,,,,,,,1.3112,1.3112,,,,,,,,,,,
BAU,14,2043,TRTAXGSL,E5TRTAX,,,,,,,,,,,,,,,,,1.3328,1.3328,,,,,,,,,,,
BAU,14,2044,TRTAXGSL,E5TRTAX,,,,,,,,,,,,,,,,,1.3539,1.3539,,,,,,,,,,,
BAU,14,2045,TRTAXGSL,E5TRTAX,,,,,,,,,,,,,,,,,1.3749,1.3749,,,,,,,,,,,
BAU,14,2046,TRTAXGSL,E5TRTAX,,,,,,,,,,,,,,,,,1.3986,1.3986,,,,,,,,,,,
BAU,14,2047,TRTAXGSL,E5TRTAX,,,,,,,,,,,,,,,,,1.4221,1.4221,,,,,,,,,,,
BAU,14,2048,TRTAXGSL,E5TRTAX,,,,,,,,,,,,,,,,,1.445,1.445,,,,,,,,,,,
BAU,14,2049,TRTAXGSL,E5TRTAX,,,,,,,,,,,,,,,,,1.4677,1.4677,,,,,,,,,,,
BAU,14,2050,TRTAXGSL,E5TRTAX,,,,,,,,,,,,,,,,,1.4901,1.4901,,,,,,,,,,,
BAU,14,2051,TRTAXGSL,E5TRTAX,,,,,,,,,,,,,,,,,1.517,1.517,,,,,,,,,,,
BAU,14,2052,TRTAXGSL,E5TRTAX,,,,,,,,,,,,,,,,,1.5443,1.5443,,,,,,,,,,,
BAU,14,2053,TRTAXGSL,E5TRTAX,,,,,,,,,,,,,,,,,1.5719,1.5719,,,,,,,,,,,
BAU,14,2054,TRTAXGSL,E5TRTAX,,,,,,,,,,,,,,,,,1.6001,1.6001,,,,,,,,,,,
BAU,14,2055,TRTAXGSL,E5TRTAX,,,,,,,,,,,,,,,,,1.6288,1.6288,,,,,,,,,,,
BAU,14,2026,TRTAXELE,E5TRTAX,,,,,,,,,,,,,,,,,0.0021,0.0021,,,,,,,,,,,
BAU,14,2027,TRTAXELE,E5TRTAX,,,,,,,,,,,,,,,,,0.0043,0.0043,,,,,,,,,,,
BAU,14,2028,TRTAXELE,E5TRTAX,,,,,,,,,,,,,,,,,0.0065,0.0065,,,,,,,,,,,
BAU,14,2029,TRTAXELE,E5TRTAX,,,,,,,,,,,,,,,,,0.0087,0.0087,,,,,,,,,,,
BAU,14,2030,TRTAXELE,E5TRTAX,,,,,,,,,,,,,,,,,0.0111,0.0111,,,,,,,,,,,
BAU,14,2031,TRTAXELE,E5TRTAX,,,,,,,,,,,,,,,,,0.0141,0.0141,,,,,,,,,,,
BAU,14,2032,TRTAXELE,E5TRTAX,,,,,,,,,,,,,,,,,0.0172,0.0172,,,,,,,,,,,
BAU,14,2033,TRTAXELE,E5TRTAX,,,,,,,,,,,,,,,,,0.0204,0.0204,,,,,,,,,,,
BAU,14,2034,TRTAXELE,E5TRTAX,,,,,,,,,,,,,,,,,0.0238,0.0238,,,,,,,,,,,
BAU,14,2035,TRTAXELE,E5TRTAX,,,,,,,,,,,,,,,,,0.0271,0.0271,,,,,,,,,,,
BAU,14,2036,TRTAXELE,E5TRTAX,,,,,,,,,,,,,,,,,0.0306,0.0306,,,,,,,,,,,
BAU,14,2037,TRTAXELE,E5TRTAX,,,,,,,,,,,,,,,,,0.0343,0.0343,,,,,,,,,,,
BAU,14,2038,TRTAXELE,E5TRTAX,,,,,,,,,,,,,,,,,0.0382,0.0382,,,,,,,,,,,
BAU,14,2039,TRTAXELE,E5TRTAX,,,,,,,,,,,,,,,,,0.042,0.042,,,,,,,,,,,
BAU,14,2040,TRTAXELE,E5TRTAX,,,,,,,,,,,,,,,,,0.046,0.046,,,,,,,,,,,
BAU,14,2041,TRTAXELE,E5TRTAX,,,,,,,,,,,,,,,,,0.0503,0.0503,,,,,,,,,,,
BAU,14,2042,TRTAXELE,E5TRTAX,,,,,,,,,,,,,,,,,0.0547,0.0547,,,,,,,,,,,
BAU,14,2043,TRTAXELE,E5TRTAX,,,,,,,,,,,,,,,,,0.0592,0.0592,,,,,,,,,,,
BAU,14,2044,TRTAXELE,E5TRTAX,,,,,,,,,,,,,,,,,0.0639,0.0639,,,,,,,,,,,
BAU,14,2045,TRTAXELE,E5TRTAX,,,,,,,,,,,,,,,,,0.0687,0.0687,,,,,,,,,,,
BAU,14,2046,TRTAXELE,E5TRTAX,,,,,,,,,,,,,,,,,0.0738,0.0738,,,,,,,,,,,
BAU,14,2047,TRTAXELE,E5TRTAX,,,,,,,,,,,,,,,,,0.0789,0.0789,,,,,,,,,,,
BAU,14,2048,TRTAXELE,E5TRTAX,,,,,,,,,,,,,,,,,0.0843,0.0843,,,,,,,,,,,
BAU,14,2049,TRTAXELE,E5TRTAX,,,,,,,,,,,,,,,,,0.0898,0.0898,,,,,,,,,,,
BAU,14,2050,TRTAXELE,E5TRTAX,,,,,,,,,,,,,,,,,0.0954,0.0954,,,,,,,,,,,
BAU,14,2051,TRTAXELE,E5TRTAX,,,,,,,,,,,,,,,,,0.097,0.097,,,,,,,,,,,
BAU,14,2052,TRTAXELE,E5TRTAX,,,,,,,,,,,,,,,,,0.0988,0.0988,,,,,,,,,,,
BAU,14,2053,TRTAXELE,E5TRTAX,,,,,,,,,,,,,,,,,0.1006,0.1006,,,,,,,,,,,
BAU,14,2054,TRTAXELE,E5TRTAX,,,,,,,,,,,,,,,,,0.1024,0.1024,,,,,,,,,,,
BAU,14,2055,TRTAXELE,E5TRTAX,,,,,,,,,,,,,,,,,0.1042,0.1042,,,,,,,,,,,
BAU,14,2021,TRMBSDSL,E5TRMBS,,,,,,,,,,,,,,,,,0.0663,0.0663,,,,,,,,,,,
BAU,14,2022,TRMBSDSL,E5TRMBS,,,,,,,,,,,,,,,,,0.0717,0.0717,,,,,,,,,,,
BAU,14,2023,TRMBSDSL,E5TRMBS,,,,,,,,,,,,,,,,,0.0751,0.0751,,,,,,,,,,,
BAU,14,2024,TRMBSDSL,E5TRMBS,,,,,,,,,,,,,,,,,0.0765,0.0765,,,,,,,,,,,
BAU,14,2025,TRMBSDSL,E5TRMBS,,,,,,,,,,,,,,,,,0.078,0.078,,,,,,,,,,,
BAU,14,2026,TRMBSDSL,E5TRMBS,,,,,,,,,,,,,,,,,0.0793,0.0793,,,,,,,,,,,
BAU,14,2027,TRMBSDSL,E5TRMBS,,,,,,,,,,,,,,,,,0.0811,0.0811,,,,,,,,,,,
BAU,14,2028,TRMBSDSL,E5TRMBS,,,,,,,,,,,,,,,,,0.0822,0.0822,,,,,,,,,,,
BAU,14,2029,TRMBSDSL,E5TRMBS,,,,,,,,,,,,,,,,,0.0834,0.0834,,,,,,,,,,,
BAU,14,2030,TRMBSDSL,E5TRMBS,,,,,,,,,,,,,,,,,0.0845,0.0845,,,,,,,,,,,
BAU,14,2031,TRMBSDSL,E5TRMBS,,,,,,,,,,,,,,,,,0.0857,0.0857,,,,,,,,,,,
BAU,14,2032,TRMBSDSL,E5TRMBS,,,,,,,,,,,,,,,,,0.0869,0.0869,,,,,,,,,,,
BAU,14,2033,TRMBSDSL,E5TRMBS,,,,,,,,,,,,,,,,,0.0882,0.0882,,,,,,,,,,,
BAU,14,2034,TRMBSDSL,E5TRMBS,,,,,,,,,,,,,,,,,0.0894,0.0894,,,,,,,,,,,
BAU,14,2035,TRMBSDSL,E5TRMBS,,,,,,,,,,,,,,,,,0.0906,0.0906,,,,,,,,,,,
BAU,14,2036,TRMBSDSL,E5TRMBS,,,,,,,,,,,,,,,,,0.0921,0.0921,,,,,,,,,,,
BAU,14,2037,TRMBSDSL,E5TRMBS,,,,,,,,,,,,,,,,,0.0936,0.0936,,,,,,,,,,,
BAU,14,2038,TRMBSDSL,E5TRMBS,,,,,,,,,,,,,,,,,0.0952,0.0952,,,,,,,,,,,
BAU,14,2039,TRMBSDSL,E5TRMBS,,,,,,,,,,,,,,,,,0.0966,0.0966,,,,,,,,,,,
BAU,14,2040,TRMBSDSL,E5TRMBS,,,,,,,,,,,,,,,,,0.0979,0.0979,,,,,,,,,,,
BAU,14,2041,TRMBSDSL,E5TRMBS,,,,,,,,,,,,,,,,,0.0995,0.0995,,,,,,,,,,,
BAU,14,2042,TRMBSDSL,E5TRMBS,,,,,,,,,,,,,,,,,0.1007,0.1007,,,,,,,,,,,
BAU,14,2043,TRMBSDSL,E5TRMBS,,,,,,,,,,,,,,,,,0.1021,0.1021,,,,,,,,,,,
BAU,14,2044,TRMBSDSL,E5TRMBS,,,,,,,,,,,,,,,,,0.1032,0.1032,,,,,,,,,,,
BAU,14,2045,TRMBSDSL,E5TRMBS,,,,,,,,,,,,,,,,,0.1046,0.1046,,,,,,,,,,,
BAU,14,2046,TRMBSDSL,E5TRMBS,,,,,,,,,,,,,,,,,0.1063,0.1063,,,,,,,,,,,
BAU,14,2047,TRMBSDSL,E5TRMBS,,,,,,,,,,,,,,,,,0.1085,0.1085,,,,,,,,,,,
BAU,14,2048,TRMBSDSL,E5TRMBS,,,,,,,,,,,,,,,,,0.1108,0.1108,,,,,,,,,,,
BAU,14,2049,TRMBSDSL,E5TRMBS,,,,,,,,,,,,,,,,,0.113,0.113,,,,,,,,,,,
BAU,14,2050,TRMBSDSL,E5TRMBS,,,,,,,,,,,,,,,,,0.1152,0.1152,,,,,,,,,,,
BAU,14,2051,TRMBSDSL,E5TRMBS,,,,,,,,,,,,,,,,,0.1174,0.1174,,,,,,,,,,,
BAU,14,2052,TRMBSDSL,E5TRMBS,,,,,,,,,,,,,,,,,0.1194,0.1194,,,,,,,,,,,
BAU,14,2053,TRMBSDSL,E5TRMBS,,,,,,,,,,,,,,,,,0.1216,0.1216,,,,,,,,,,,
BAU,14,2054,TRMBSDSL,E5TRMBS,,,,,,,,,,,,,,,,,0.1237,0.1237,,,,,,,,,,,
BAU,14,2055,TRMBSDSL,E5TRMBS,,,,,,,,,,,,,,,,,0.1259,0.1259,,,,,,,,,,,
BAU,14,2021,TRMBSGSL,E5TRMBS,,,,,,,,,,,,,,,,,0.0422,0.0422,,,,,,,,,,,
BAU,14,2022,TRMBSGSL,E5TRMBS,,,,,,,,,,,,,,,,,0.0457,0.0457,,,,,,,,,,,
BAU,14,2023,TRMBSGSL,E5TRMBS,,,,,,,,,,,,,,,,,0.0478,0.0478,,,,,,,,,,,
BAU,14,2024,TRMBSGSL,E5TRMBS,,,,,,,,,,,,,,,,,0.0488,0.0488,,,,,,,,,,,
BAU,14,2025,TRMBSGSL,E5TRMBS,,,,,,,,,,,,,,,,,0.0497,0.0497,,,,,,,,,,,
BAU,14,2026,TRMBSGSL,E5TRMBS,,,,,,,,,,,,,,,,,0.0505,0.0505,,,,,,,,,,,
BAU,14,2027,TRMBSGSL,E5TRMBS,,,,,,,,,,,,,,,,,0.0506,0.0506,,,,,,,,,,,
BAU,14,2028,TRMBSGSL,E5TRMBS,,,,,,,,,,,,,,,,,0.0512,0.0512,,,,,,,,,,,
BAU,14,2029,TRMBSGSL,E5TRMBS,,,,,,,,,,,,,,,,,0.0518,0.0518,,,,,,,,,,,
BAU,14,2030,TRMBSGSL,E5TRMBS,,,,,,,,,,,,,,,,,0.0525,0.0525,,,,,,,,,,,
BAU,14,2031,TRMBSGSL,E5TRMBS,,,,,,,,,,,,,,,,,0.0531,0.0531,,,,,,,,,,,
BAU,14,2032,TRMBSGSL,E5TRMBS,,,,,,,,,,,,,,,,,0.0538,0.0538,,,,,,,,,,,
BAU,14,2033,TRMBSGSL,E5TRMBS,,,,,,,,,,,,,,,,,0.0544,0.0544,,,,,,,,,,,
BAU,14,2034,TRMBSGSL,E5TRMBS,,,,,,,,,,,,,,,,,0.0551,0.0551,,,,,,,,,,,
BAU,14,2035,TRMBSGSL,E5TRMBS,,,,,,,,,,,,,,,,,0.0557,0.0557,,,,,,,,,,,
BAU,14,2036,TRMBSGSL,E5TRMBS,,,,,,,,,,,,,,,,,0.0566,0.0566,,,,,,,,,,,
BAU,14,2037,TRMBSGSL,E5TRMBS,,,,,,,,,,,,,,,,,0.0574,0.0574,,,,,,,,,,,
BAU,14,2038,TRMBSGSL,E5TRMBS,,,,,,,,,,,,,,,,,0.0582,0.0582,,,,,,,,,,,
BAU,14,2039,TRMBSGSL,E5TRMBS,,,,,,,,,,,,,,,,,0.0591,0.0591,,,,,,,,,,,
BAU,14,2040,TRMBSGSL,E5TRMBS,,,,,,,,,,,,,,,,,0.0599,0.0599,,,,,,,,,,,
BAU,14,2041,TRMBSGSL,E5TRMBS,,,,,,,,,,,,,,,,,0.0612,0.0612,,,,,,,,,,,
BAU,14,2042,TRMBSGSL,E5TRMBS,,,,,,,,,,,,,,,,,0.0626,0.0626,,,,,,,,,,,
BAU,14,2043,TRMBSGSL,E5TRMBS,,,,,,,,,,,,,,,,,0.0639,0.0639,,,,,,,,,,,
BAU,14,2044,TRMBSGSL,E5TRMBS,,,,,,,,,,,,,,,,,0.0654,0.0654,,,,,,,,,,,
BAU,14,2045,TRMBSGSL,E5TRMBS,,,,,,,,,,,,,,,,,0.0668,0.0668,,,,,,,,,,,
BAU,14,2046,TRMBSGSL,E5TRMBS,,,,,,,,,,,,,,,,,0.0682,0.0682,,,,,,,,,,,
BAU,14,2047,TRMBSGSL,E5TRMBS,,,,,,,,,,,,,,,,,0.0697,0.0697,,,,,,,,,,,
BAU,14,2048,TRMBSGSL,E5TRMBS,,,,,,,,,,,,,,,,,0.0712,0.0712,,,,,,,,,,,
BAU,14,2049,TRMBSGSL,E5TRMBS,,,,,,,,,,,,,,,,,0.0727,0.0727,,,,,,,,,,,
BAU,14,2050,TRMBSGSL,E5TRMBS,,,,,,,,,,,,,,,,,0.0742,0.0742,,,,,,,,,,,
BAU,14,2051,TRMBSGSL,E5TRMBS,,,,,,,,,,,,,,,,,0.0756,0.0756,,,,,,,,,,,
BAU,14,2052,TRMBSGSL,E5TRMBS,,,,,,,,,,,,,,,,,0.0769,0.0769,,,,,,,,,,,
BAU,14,2053,TRMBSGSL,E5TRMBS,,,,,,,,,,,,,,,,,0.0783,0.0783,,,,,,,,,,,
BAU,14,2054,TRMBSGSL,E5TRMBS,,,,,,,,,,,,,,,,,0.0797,0.0797,,,,,,,,,,,
BAU,14,2055,TRMBSGSL,E5TRMBS,,,,,,,,,,,,,,,,,0.0811,0.0811,,,,,,,,,,,
BAU,14,2026,TRMBSELE,E5TRMBS,,,,,,,,,,,,,,,,,0.0003,0.0003,,,,,,,,,,,
BAU,14,2027,TRMBSELE,E5TRMBS,,,,,,,,,,,,,,,,,0.0005,0.0005,,,,,,,,,,,
BAU,14,2028,TRMBSELE,E5TRMBS,,,,,,,,,,,,,,,,,0.0008,0.0008,,,,,,,,,,,
BAU,14,2029,TRMBSELE,E5TRMBS,,,,,,,,,,,,,,,,,0.0011,0.0011,,,,,,,,,,,
BAU,14,2030,TRMBSELE,E5TRMBS,,,,,,,,,,,,,,,,,0.0014,0.0014,,,,,,,,,,,
BAU,14,2031,TRMBSELE,E5TRMBS,,,,,,,,,,,,,,,,,0.0018,0.0018,,,,,,,,,,,
BAU,14,2032,TRMBSELE,E5TRMBS,,,,,,,,,,,,,,,,,0.0022,0.0022,,,,,,,,,,,
BAU,14,2033,TRMBSELE,E5TRMBS,,,,,,,,,,,,,,,,,0.0026,0.0026,,,,,,,,,,,
BAU,14,2034,TRMBSELE,E5TRMBS,,,,,,,,,,,,,,,,,0.0029,0.0029,,,,,,,,,,,
BAU,14,2035,TRMBSELE,E5TRMBS,,,,,,,,,,,,,,,,,0.0034,0.0034,,,,,,,,,,,
BAU,14,2036,TRMBSELE,E5TRMBS,,,,,,,,,,,,,,,,,0.0038,0.0038,,,,,,,,,,,
BAU,14,2037,TRMBSELE,E5TRMBS,,,,,,,,,,,,,,,,,0.0043,0.0043,,,,,,,,,,,
BAU,14,2038,TRMBSELE,E5TRMBS,,,,,,,,,,,,,,,,,0.0047,0.0047,,,,,,,,,,,
BAU,14,2039,TRMBSELE,E5TRMBS,,,,,,,,,,,,,,,,,0.0052,0.0052,,,,,,,,,,,
BAU,14,2040,TRMBSELE,E5TRMBS,,,,,,,,,,,,,,,,,0.0058,0.0058,,,,,,,,,,,
BAU,14,2041,TRMBSELE,E5TRMBS,,,,,,,,,,,,,,,,,0.0062,0.0062,,,,,,,,,,,
BAU,14,2042,TRMBSELE,E5TRMBS,,,,,,,,,,,,,,,,,0.0068,0.0068,,,,,,,,,,,
BAU,14,2043,TRMBSELE,E5TRMBS,,,,,,,,,,,,,,,,,0.0074,0.0074,,,,,,,,,,,
BAU,14,2044,TRMBSELE,E5TRMBS,,,,,,,,,,,,,,,,,0.008,0.008,,,,,,,,,,,
BAU,14,2045,TRMBSELE,E5TRMBS,,,,,,,,,,,,,,,,,0.0085,0.0085,,,,,,,,,,,
BAU,14,2046,TRMBSELE,E5TRMBS,,,,,,,,,,,,,,,,,0.0091,0.0091,,,,,,,,,,,
BAU,14,2047,TRMBSELE,E5TRMBS,,,,,,,,,,,,,,,,,0.0097,0.0097,,,,,,,,,,,
BAU,14,2048,TRMBSELE,E5TRMBS,,,,,,,,,,,,,,,,,0.0104,0.0104,,,,,,,,,,,
BAU,14,2049,TRMBSELE,E5TRMBS,,,,,,,,,,,,,,,,,0.011,0.011,,,,,,,,,,,
BAU,14,2050,TRMBSELE,E5TRMBS,,,,,,,,,,,,,,,,,0.0117,0.0117,,,,,,,,,,,
BAU,14,2051,TRMBSELE,E5TRMBS,,,,,,,,,,,,,,,,,0.0119,0.0119,,,,,,,,,,,
BAU,14,2052,TRMBSELE,E5TRMBS,,,,,,,,,,,,,,,,,0.0122,0.0122,,,,,,,,,,,
BAU,14,2053,TRMBSELE,E5TRMBS,,,,,,,,,,,,,,,,,0.0123,0.0123,,,,,,,,,,,
BAU,14,2054,TRMBSELE,E5TRMBS,,,,,,,,,,,,,,,,,0.0126,0.0126,,,,,,,,,,,
BAU,14,2055,TRMBSELE,E5TRMBS,,,,,,,,,,,,,,,,,0.0128,0.0128,,,,,,,,,,,
BAU,14,2021,TRBPUDSL,E5TRBPU,,,,,,,,,,,,,,,,,0.0058559266,0.0058559266,,,,,,,,,,,
BAU,14,2022,TRBPUDSL,E5TRBPU,,,,,,,,,,,,,,,,,0.0063304126,0.0063304126,,,,,,,,,,,
BAU,14,2023,TRBPUDSL,E5TRBPU,,,,,,,,,,,,,,,,,0.0066188217,0.0066188217,,,,,,,,,,,
BAU,14,2024,TRBPUDSL,E5TRBPU,,,,,,,,,,,,,,,,,0.0067322762,0.0067322762,,,,,,,,,,,
BAU,14,2025,TRBPUDSL,E5TRBPU,,,,,,,,,,,,,,,,,0.0069,0.0069,,,,,,,,,,,
BAU,14,2026,TRBPUDSL,E5TRBPU,,,,,,,,,,,,,,,,,0.0070221224,0.0070221224,,,,,,,,,,,
BAU,14,2027,TRBPUDSL,E5TRBPU,,,,,,,,,,,,,,,,,0.0071262028,0.0071262028,,,,,,,,,,,
BAU,14,2028,TRBPUDSL,E5TRBPU,,,,,,,,,,,,,,,,,0.0073,0.0073,,,,,,,,,,,
BAU,14,2029,TRBPUDSL,E5TRBPU,,,,,,,,,,,,,,,,,0.0072528007,0.0072528007,,,,,,,,,,,
BAU,14,2030,TRBPUDSL,E5TRBPU,,,,,,,,,,,,,,,,,0.0073428951,0.0073428951,,,,,,,,,,,
BAU,14,2031,TRBPUDSL,E5TRBPU,,,,,,,,,,,,,,,,,0.0075,0.0075,,,,,,,,,,,
BAU,14,2032,TRBPUDSL,E5TRBPU,,,,,,,,,,,,,,,,,0.0076163741,0.0076163741,,,,,,,,,,,
BAU,14,2033,TRBPUDSL,E5TRBPU,,,,,,,,,,,,,,,,,0.0077272867,0.0077272867,,,,,,,,,,,
BAU,14,2034,TRBPUDSL,E5TRBPU,,,,,,,,,,,,,,,,,0.0077706224,0.0077706224,,,,,,,,,,,
BAU,14,2035,TRBPUDSL,E5TRBPU,,,,,,,,,,,,,,,,,0.0079,0.0079,,,,,,,,,,,
BAU,14,2036,TRBPUDSL,E5TRBPU,,,,,,,,,,,,,,,,,0.0080261364,0.0080261364,,,,,,,,,,,
BAU,14,2037,TRBPUDSL,E5TRBPU,,,,,,,,,,,,,,,,,0.0081742343,0.0081742343,,,,,,,,,,,
BAU,14,2038,TRBPUDSL,E5TRBPU,,,,,,,,,,,,,,,,,0.0082170874,0.0082170874,,,,,,,,,,,
BAU,14,2039,TRBPUDSL,E5TRBPU,,,,,,,,,,,,,,,,,0.0084,0.0084,,,,,,,,,,,
BAU,14,2040,TRBPUDSL,E5TRBPU,,,,,,,,,,,,,,,,,0.008508993,0.008508993,,,,,,,,,,,
BAU,14,2041,TRBPUDSL,E5TRBPU,,,,,,,,,,,,,,,,,0.0086,0.0086,,,,,,,,,,,
BAU,14,2042,TRBPUDSL,E5TRBPU,,,,,,,,,,,,,,,,,0.0088,0.0088,,,,,,,,,,,
BAU,14,2043,TRBPUDSL,E5TRBPU,,,,,,,,,,,,,,,,,0.0089378252,0.0089378252,,,,,,,,,,,
BAU,14,2044,TRBPUDSL,E5TRBPU,,,,,,,,,,,,,,,,,0.0091205664,0.0091205664,,,,,,,,,,,
BAU,14,2045,TRBPUDSL,E5TRBPU,,,,,,,,,,,,,,,,,0.0091638916,0.0091638916,,,,,,,,,,,
BAU,14,2046,TRBPUDSL,E5TRBPU,,,,,,,,,,,,,,,,,0.0094,0.0094,,,,,,,,,,,
BAU,14,2047,TRBPUDSL,E5TRBPU,,,,,,,,,,,,,,,,,0.0095,0.0095,,,,,,,,,,,
BAU,14,2048,TRBPUDSL,E5TRBPU,,,,,,,,,,,,,,,,,0.0096,0.0096,,,,,,,,,,,
BAU,14,2049,TRBPUDSL,E5TRBPU,,,,,,,,,,,,,,,,,0.0099,0.0099,,,,,,,,,,,
BAU,14,2050,TRBPUDSL,E5TRBPU,,,,,,,,,,,,,,,,,0.01,0.01,,,,,,,,,,,
BAU,14,2051,TRBPUDSL,E5TRBPU,,,,,,,,,,,,,,,,,0.0103,0.0103,,,,,,,,,,,
BAU,14,2052,TRBPUDSL,E5TRBPU,,,,,,,,,,,,,,,,,0.0104,0.0104,,,,,,,,,,,
BAU,14,2053,TRBPUDSL,E5TRBPU,,,,,,,,,,,,,,,,,0.0107,0.0107,,,,,,,,,,,
BAU,14,2054,TRBPUDSL,E5TRBPU,,,,,,,,,,,,,,,,,0.0108,0.0108,,,,,,,,,,,
BAU,14,2055,TRBPUDSL,E5TRBPU,,,,,,,,,,,,,,,,,0.0109,0.0109,,,,,,,,,,,
BAU,14,2029,TRBPUELE,E5TRBPU,,,,,,,,,,,,,,,,,0.0001,0.0001,,,,,,,,,,,
BAU,14,2030,TRBPUELE,E5TRBPU,,,,,,,,,,,,,,,,,0.0001,0.0001,,,,,,,,,,,
BAU,14,2031,TRBPUELE,E5TRBPU,,,,,,,,,,,,,,,,,0.0001,0.0001,,,,,,,,,,,
BAU,14,2032,TRBPUELE,E5TRBPU,,,,,,,,,,,,,,,,,0.0001,0.0001,,,,,,,,,,,
BAU,14,2033,TRBPUELE,E5TRBPU,,,,,,,,,,,,,,,,,0.0001,0.0001,,,,,,,,,,,
BAU,14,2034,TRBPUELE,E5TRBPU,,,,,,,,,,,,,,,,,0.0002,0.0002,,,,,,,,,,,
BAU,14,2035,TRBPUELE,E5TRBPU,,,,,,,,,,,,,,,,,0.0002,0.0002,,,,,,,,,,,
BAU,14,2036,TRBPUELE,E5TRBPU,,,,,,,,,,,,,,,,,0.0002,0.0002,,,,,,,,,,,
BAU,14,2037,TRBPUELE,E5TRBPU,,,,,,,,,,,,,,,,,0.0002,0.0002,,,,,,,,,,,
BAU,14,2038,TRBPUELE,E5TRBPU,,,,,,,,,,,,,,,,,0.0003,0.0003,,,,,,,,,,,
BAU,14,2039,TRBPUELE,E5TRBPU,,,,,,,,,,,,,,,,,0.0003,0.0003,,,,,,,,,,,
BAU,14,2040,TRBPUELE,E5TRBPU,,,,,,,,,,,,,,,,,0.0003,0.0003,,,,,,,,,,,
BAU,14,2041,TRBPUELE,E5TRBPU,,,,,,,,,,,,,,,,,0.0004,0.0004,,,,,,,,,,,
BAU,14,2042,TRBPUELE,E5TRBPU,,,,,,,,,,,,,,,,,0.0004,0.0004,,,,,,,,,,,
BAU,14,2043,TRBPUELE,E5TRBPU,,,,,,,,,,,,,,,,,0.0004,0.0004,,,,,,,,,,,
BAU,14,2044,TRBPUELE,E5TRBPU,,,,,,,,,,,,,,,,,0.0004,0.0004,,,,,,,,,,,
BAU,14,2045,TRBPUELE,E5TRBPU,,,,,,,,,,,,,,,,,0.0005,0.0005,,,,,,,,,,,
BAU,14,2046,TRBPUELE,E5TRBPU,,,,,,,,,,,,,,,,,0.0005,0.0005,,,,,,,,,,,
BAU,14,2047,TRBPUELE,E5TRBPU,,,,,,,,,,,,,,,,,0.0006,0.0006,,,,,,,,,,,
BAU,14,2048,TRBPUELE,E5TRBPU,,,,,,,,,,,,,,,,,0.0006,0.0006,,,,,,,,,,,
BAU,14,2049,TRBPUELE,E5TRBPU,,,,,,,,,,,,,,,,,0.0006,0.0006,,,,,,,,,,,
BAU,14,2050,TRBPUELE,E5TRBPU,,,,,,,,,,,,,,,,,0.0006,0.0006,,,,,,,,,,,
BAU,14,2051,TRBPUELE,E5TRBPU,,,,,,,,,,,,,,,,,0.0006,0.0006,,,,,,,,,,,
BAU,14,2052,TRBPUELE,E5TRBPU,,,,,,,,,,,,,,,,,0.0006,0.0006,,,,,,,,,,,
BAU,14,2053,TRBPUELE,E5TRBPU,,,,,,,,,,,,,,,,,0.0006,0.0006,,,,,,,,,,,
BAU,14,2054,TRBPUELE,E5TRBPU,,,,,,,,,,,,,,,,,0.0006,0.0006,,,,,,,,,,,
BAU,14,2055,TRBPUELE,E5TRBPU,,,,,,,,,,,,,,,,,0.0007,0.0007,,,,,,,,,,,
BAU,14,2021,TRYTKDSL,E5TRYTK,,,,,,,,,,,,,,,,,1.1831,1.1831,,,,,,,,,,,
BAU,14,2022,TRYTKDSL,E5TRYTK,,,,,,,,,,,,,,,,,1.28,1.28,,,,,,,,,,,
BAU,14,2023,TRYTKDSL,E5TRYTK,,,,,,,,,,,,,,,,,1.3397,1.3397,,,,,,,,,,,
BAU,14,2024,TRYTKDSL,E5TRYTK,,,,,,,,,,,,,,,,,1.3655,1.3655,,,,,,,,,,,
BAU,14,2025,TRYTKDSL,E5TRYTK,,,,,,,,,,,,,,,,,1.3919,1.3919,,,,,,,,,,,
BAU,14,2026,TRYTKDSL,E5TRYTK,,,,,,,,,,,,,,,,,1.4054,1.4054,,,,,,,,,,,
BAU,14,2027,TRYTKDSL,E5TRYTK,,,,,,,,,,,,,,,,,1.4065,1.4065,,,,,,,,,,,
BAU,14,2028,TRYTKDSL,E5TRYTK,,,,,,,,,,,,,,,,,1.4213,1.4213,,,,,,,,,,,
BAU,14,2029,TRYTKDSL,E5TRYTK,,,,,,,,,,,,,,,,,1.4356,1.4356,,,,,,,,,,,
BAU,14,2030,TRYTKDSL,E5TRYTK,,,,,,,,,,,,,,,,,1.4495,1.4495,,,,,,,,,,,
BAU,14,2031,TRYTKDSL,E5TRYTK,,,,,,,,,,,,,,,,,1.4658,1.4658,,,,,,,,,,,
BAU,14,2032,TRYTKDSL,E5TRYTK,,,,,,,,,,,,,,,,,1.4816,1.4816,,,,,,,,,,,
BAU,14,2033,TRYTKDSL,E5TRYTK,,,,,,,,,,,,,,,,,1.4967,1.4967,,,,,,,,,,,
BAU,14,2034,TRYTKDSL,E5TRYTK,,,,,,,,,,,,,,,,,1.5115,1.5115,,,,,,,,,,,
BAU,14,2035,TRYTKDSL,E5TRYTK,,,,,,,,,,,,,,,,,1.5257,1.5257,,,,,,,,,,,
BAU,14,2036,TRYTKDSL,E5TRYTK,,,,,,,,,,,,,,,,,1.5454,1.5454,,,,,,,,,,,
BAU,14,2037,TRYTKDSL,E5TRYTK,,,,,,,,,,,,,,,,,1.5645,1.5645,,,,,,,,,,,
BAU,14,2038,TRYTKDSL,E5TRYTK,,,,,,,,,,,,,,,,,1.5828,1.5828,,,,,,,,,,,
BAU,14,2039,TRYTKDSL,E5TRYTK,,,,,,,,,,,,,,,,,1.6007,1.6007,,,,,,,,,,,
BAU,14,2040,TRYTKDSL,E5TRYTK,,,,,,,,,,,,,,,,,1.6178,1.6178,,,,,,,,,,,
BAU,14,2041,TRYTKDSL,E5TRYTK,,,,,,,,,,,,,,,,,1.6678,1.6678,,,,,,,,,,,
BAU,14,2042,TRYTKDSL,E5TRYTK,,,,,,,,,,,,,,,,,1.7182,1.7182,,,,,,,,,,,
BAU,14,2043,TRYTKDSL,E5TRYTK,,,,,,,,,,,,,,,,,1.7694,1.7694,,,,,,,,,,,
BAU,14,2044,TRYTKDSL,E5TRYTK,,,,,,,,,,,,,,,,,1.8211,1.8211,,,,,,,,,,,
BAU,14,2045,TRYTKDSL,E5TRYTK,,,,,,,,,,,,,,,,,1.8736,1.8736,,,,,,,,,,,
BAU,14,2046,TRYTKDSL,E5TRYTK,,,,,,,,,,,,,,,,,1.9308,1.9308,,,,,,,,,,,
BAU,14,2047,TRYTKDSL,E5TRYTK,,,,,,,,,,,,,,,,,1.9887,1.9887,,,,,,,,,,,
BAU,14,2048,TRYTKDSL,E5TRYTK,,,,,,,,,,,,,,,,,2.0473,2.0473,,,,,,,,,,,
BAU,14,2049,TRYTKDSL,E5TRYTK,,,,,,,,,,,,,,,,,2.1066,2.1066,,,,,,,,,,,
BAU,14,2050,TRYTKDSL,E5TRYTK,,,,,,,,,,,,,,,,,2.1666,2.1666,,,,,,,,,,,
BAU,14,2051,TRYTKDSL,E5TRYTK,,,,,,,,,,,,,,,,,2.2158,2.2158,,,,,,,,,,,
BAU,14,2052,TRYTKDSL,E5TRYTK,,,,,,,,,,,,,,,,,2.2662,2.2662,,,,,,,,,,,
BAU,14,2053,TRYTKDSL,E5TRYTK,,,,,,,,,,,,,,,,,2.3178,2.3178,,,,,,,,,,,
BAU,14,2054,TRYTKDSL,E5TRYTK,,,,,,,,,,,,,,,,,2.3704,2.3704,,,,,,,,,,,
BAU,14,2055,TRYTKDSL,E5TRYTK,,,,,,,,,,,,,,,,,2.4243,2.4243,,,,,,,,,,,
BAU,14,2021,TRYTKFOI,E5TRYTK,,,,,,,,,,,,,,,,,0.0144,0.0144,,,,,,,,,,,
BAU,14,2022,TRYTKFOI,E5TRYTK,,,,,,,,,,,,,,,,,0.0156,0.0156,,,,,,,,,,,
BAU,14,2023,TRYTKFOI,E5TRYTK,,,,,,,,,,,,,,,,,0.016303584,0.016303584,,,,,,,,,,,
BAU,14,2024,TRYTKFOI,E5TRYTK,,,,,,,,,,,,,,,,,0.01652509,0.01652509,,,,,,,,,,,
BAU,14,2025,TRYTKFOI,E5TRYTK,,,,,,,,,,,,,,,,,0.0169,0.0169,,,,,,,,,,,
BAU,14,2026,TRYTKFOI,E5TRYTK,,,,,,,,,,,,,,,,,0.030513978,0.030513978,,,,,,,,,,,
BAU,14,2027,TRYTKFOI,E5TRYTK,,,,,,,,,,,,,,,,,0.058983871,0.058983871,,,,,,,,,,,
BAU,14,2028,TRYTKFOI,E5TRYTK,,,,,,,,,,,,,,,,,0.0739,0.0739,,,,,,,,,,,
BAU,14,2029,TRYTKFOI,E5TRYTK,,,,,,,,,,,,,,,,,0.0893,0.0893,,,,,,,,,,,
BAU,14,2030,TRYTKFOI,E5TRYTK,,,,,,,,,,,,,,,,,0.10523118,0.10523118,,,,,,,,,,,
BAU,14,2031,TRYTKFOI,E5TRYTK,,,,,,,,,,,,,,,,,0.12200466,0.12200466,,,,,,,,,,,
BAU,14,2032,TRYTKFOI,E5TRYTK,,,,,,,,,,,,,,,,,0.1394,0.1394,,,,,,,,,,,
BAU,14,2033,TRYTKFOI,E5TRYTK,,,,,,,,,,,,,,,,,0.15754731,0.15754731,,,,,,,,,,,
BAU,14,2034,TRYTKFOI,E5TRYTK,,,,,,,,,,,,,,,,,0.17612545,0.17612545,,,,,,,,,,,
BAU,14,2035,TRYTKFOI,E5TRYTK,,,,,,,,,,,,,,,,,0.19540215,0.19540215,,,,,,,,,,,
BAU,14,2036,TRYTKFOI,E5TRYTK,,,,,,,,,,,,,,,,,0.21611434,0.21611434,,,,,,,,,,,
BAU,14,2037,TRYTKFOI,E5TRYTK,,,,,,,,,,,,,,,,,0.2376,0.2376,,,,,,,,,,,
BAU,14,2038,TRYTKFOI,E5TRYTK,,,,,,,,,,,,,,,,,0.25992401,0.25992401,,,,,,,,,,,
BAU,14,2039,TRYTKFOI,E5TRYTK,,,,,,,,,,,,,,,,,0.28281254,0.28281254,,,,,,,,,,,
BAU,14,2040,TRYTKFOI,E5TRYTK,,,,,,,,,,,,,,,,,0.3067,0.3067,,,,,,,,,,,
BAU,14,2041,TRYTKFOI,E5TRYTK,,,,,,,,,,,,,,,,,0.3045,0.3045,,,,,,,,,,,
BAU,14,2042,TRYTKFOI,E5TRYTK,,,,,,,,,,,,,,,,,0.302,0.302,,,,,,,,,,,
BAU,14,2043,TRYTKFOI,E5TRYTK,,,,,,,,,,,,,,,,,0.2989,0.2989,,,,,,,,,,,
BAU,14,2044,TRYTKFOI,E5TRYTK,,,,,,,,,,,,,,,,,0.29545018,0.29545018,,,,,,,,,,,
BAU,14,2045,TRYTKFOI,E5TRYTK,,,,,,,,,,,,,,,,,0.2914,0.2914,,,,,,,,,,,
BAU,14,2046,TRYTKFOI,E5TRYTK,,,,,,,,,,,,,,,,,0.2877,0.2877,,,,,,,,,,,
BAU,14,2047,TRYTKFOI,E5TRYTK,,,,,,,,,,,,,,,,,0.2834,0.2834,,,,,,,,,,,
BAU,14,2048,TRYTKFOI,E5TRYTK,,,,,,,,,,,,,,,,,0.2786,0.2786,,,,,,,,,,,
BAU,14,2049,TRYTKFOI,E5TRYTK,,,,,,,,,,,,,,,,,0.2733,0.2733,,,,,,,,,,,
BAU,14,2050,TRYTKFOI,E5TRYTK,,,,,,,,,,,,,,,,,0.2674,0.2674,,,,,,,,,,,
BAU,14,2051,TRYTKFOI,E5TRYTK,,,,,,,,,,,,,,,,,0.27355484,0.27355484,,,,,,,,,,,
BAU,14,2052,TRYTKFOI,E5TRYTK,,,,,,,,,,,,,,,,,0.2798,0.2798,,,,,,,,,,,
BAU,14,2053,TRYTKFOI,E5TRYTK,,,,,,,,,,,,,,,,,0.2861,0.2861,,,,,,,,,,,
BAU,14,2054,TRYTKFOI,E5TRYTK,,,,,,,,,,,,,,,,,0.29265556,0.29265556,,,,,,,,,,,
BAU,14,2055,TRYTKFOI,E5TRYTK,,,,,,,,,,,,,,,,,0.29930215,0.29930215,,,,,,,,,,,
BAU,14,2021,TRYLFDSL,E5TRYLF,,,,,,,,,,,,,,,,,0.2488,0.2488,,,,,,,,,,,
BAU,14,2022,TRYLFDSL,E5TRYLF,,,,,,,,,,,,,,,,,0.26913871,0.26913871,,,,,,,,,,,
BAU,14,2023,TRYLFDSL,E5TRYLF,,,,,,,,,,,,,,,,,0.2816043,0.2816043,,,,,,,,,,,
BAU,14,2024,TRYLFDSL,E5TRYLF,,,,,,,,,,,,,,,,,0.2872,0.2872,,,,,,,,,,,
BAU,14,2025,TRYLFDSL,E5TRYLF,,,,,,,,,,,,,,,,,0.2927,0.2927,,,,,,,,,,,
BAU,14,2026,TRYLFDSL,E5TRYLF,,,,,,,,,,,,,,,,,0.30142796,0.30142796,,,,,,,,,,,
BAU,14,2027,TRYLFDSL,E5TRYLF,,,,,,,,,,,,,,,,,0.3132,0.3132,,,,,,,,,,,
BAU,14,2028,TRYLFDSL,E5TRYLF,,,,,,,,,,,,,,,,,0.32286344,0.32286344,,,,,,,,,,,
BAU,14,2029,TRYLFDSL,E5TRYLF,,,,,,,,,,,,,,,,,0.33263118,0.33263118,,,,,,,,,,,
BAU,14,2030,TRYLFDSL,E5TRYLF,,,,,,,,,,,,,,,,,0.34250645,0.34250645,,,,,,,,,,,
BAU,14,2031,TRYLFDSL,E5TRYLF,,,,,,,,,,,,,,,,,0.35331828,0.35331828,,,,,,,,,,,
BAU,14,2032,TRYLFDSL,E5TRYLF,,,,,,,,,,,,,,,,,0.3642,0.3642,,,,,,,,,,,
BAU,14,2033,TRYLFDSL,E5TRYLF,,,,,,,,,,,,,,,,,0.3753,0.3753,,,,,,,,,,,
BAU,14,2034,TRYLFDSL,E5TRYLF,,,,,,,,,,,,,,,,,0.38655376,0.38655376,,,,,,,,,,,
BAU,14,2035,TRYLFDSL,E5TRYLF,,,,,,,,,,,,,,,,,0.398,0.398,,,,,,,,,,,
BAU,14,2036,TRYLFDSL,E5TRYLF,,,,,,,,,,,,,,,,,0.41111935,0.41111935,,,,,,,,,,,
BAU,14,2037,TRYLFDSL,E5TRYLF,,,,,,,,,,,,,,,,,0.42451935,0.42451935,,,,,,,,,,,
BAU,14,2038,TRYLFDSL,E5TRYLF,,,,,,,,,,,,,,,,,0.4382,0.4382,,,,,,,,,,,
BAU,14,2039,TRYLFDSL,E5TRYLF,,,,,,,,,,,,,,,,,0.45203441,0.45203441,,,,,,,,,,,
BAU,14,2040,TRYLFDSL,E5TRYLF,,,,,,,,,,,,,,,,,0.4661,0.4661,,,,,,,,,,,
BAU,14,2041,TRYLFDSL,E5TRYLF,,,,,,,,,,,,,,,,,0.47408387,0.47408387,,,,,,,,,,,
BAU,14,2042,TRYLFDSL,E5TRYLF,,,,,,,,,,,,,,,,,0.4819,0.4819,,,,,,,,,,,
BAU,14,2043,TRYLFDSL,E5TRYLF,,,,,,,,,,,,,,,,,0.48952151,0.48952151,,,,,,,,,,,
BAU,14,2044,TRYLFDSL,E5TRYLF,,,,,,,,,,,,,,,,,0.49707097,0.49707097,,,,,,,,,,,
BAU,14,2045,TRYLFDSL,E5TRYLF,,,,,,,,,,,,,,,,,0.5044,0.5044,,,,,,,,,,,
BAU,14,2046,TRYLFDSL,E5TRYLF,,,,,,,,,,,,,,,,,0.5129,0.5129,,,,,,,,,,,
BAU,14,2047,TRYLFDSL,E5TRYLF,,,,,,,,,,,,,,,,,0.52110538,0.52110538,,,,,,,,,,,
BAU,14,2048,TRYLFDSL,E5TRYLF,,,,,,,,,,,,,,,,,0.52925161,0.52925161,,,,,,,,,,,
BAU,14,2049,TRYLFDSL,E5TRYLF,,,,,,,,,,,,,,,,,0.5371,0.5371,,,,,,,,,,,
BAU,14,2050,TRYLFDSL,E5TRYLF,,,,,,,,,,,,,,,,,0.54480538,0.54480538,,,,,,,,,,,
BAU,14,2051,TRYLFDSL,E5TRYLF,,,,,,,,,,,,,,,,,0.5572,0.5572,,,,,,,,,,,
BAU,14,2052,TRYLFDSL,E5TRYLF,,,,,,,,,,,,,,,,,0.56995699,0.56995699,,,,,,,,,,,
BAU,14,2053,TRYLFDSL,E5TRYLF,,,,,,,,,,,,,,,,,0.5828086,0.5828086,,,,,,,,,,,
BAU,14,2054,TRYLFDSL,E5TRYLF,,,,,,,,,,,,,,,,,0.5962,0.5962,,,,,,,,,,,
BAU,14,2055,TRYLFDSL,E5TRYLF,,,,,,,,,,,,,,,,,0.6097,0.6097,,,,,,,,,,,
BAU,14,2021,TRYLFGSL,E5TRYLF,,,,,,,,,,,,,,,,,0.1947,0.1947,,,,,,,,,,,
BAU,14,2022,TRYLFGSL,E5TRYLF,,,,,,,,,,,,,,,,,0.2107,0.2107,,,,,,,,,,,
BAU,14,2023,TRYLFGSL,E5TRYLF,,,,,,,,,,,,,,,,,0.2206,0.2206,,,,,,,,,,,
BAU,14,2024,TRYLFGSL,E5TRYLF,,,,,,,,,,,,,,,,,0.2247,0.2247,,,,,,,,,,,
BAU,14,2025,TRYLFGSL,E5TRYLF,,,,,,,,,,,,,,,,,0.2291,0.2291,,,,,,,,,,,
BAU,14,2026,TRYLFGSL,E5TRYLF,,,,,,,,,,,,,,,,,0.2304,0.2304,,,,,,,,,,,
BAU,14,2027,TRYLFGSL,E5TRYLF,,,,,,,,,,,,,,,,,0.2296,0.2296,,,,,,,,,,,
BAU,14,2028,TRYLFGSL,E5TRYLF,,,,,,,,,,,,,,,,,0.2309,0.2309,,,,,,,,,,,
BAU,14,2029,TRYLFGSL,E5TRYLF,,,,,,,,,,,,,,,,,0.2321,0.2321,,,,,,,,,,,
BAU,14,2030,TRYLFGSL,E5TRYLF,,,,,,,,,,,,,,,,,0.2333,0.2333,,,,,,,,,,,
BAU,14,2031,TRYLFGSL,E5TRYLF,,,,,,,,,,,,,,,,,0.2348,0.2348,,,,,,,,,,,
BAU,14,2032,TRYLFGSL,E5TRYLF,,,,,,,,,,,,,,,,,0.2362,0.2362,,,,,,,,,,,
BAU,14,2033,TRYLFGSL,E5TRYLF,,,,,,,,,,,,,,,,,0.2374,0.2374,,,,,,,,,,,
BAU,14,2034,TRYLFGSL,E5TRYLF,,,,,,,,,,,,,,,,,0.2385,0.2385,,,,,,,,,,,
BAU,14,2035,TRYLFGSL,E5TRYLF,,,,,,,,,,,,,,,,,0.2395,0.2395,,,,,,,,,,,
BAU,14,2036,TRYLFGSL,E5TRYLF,,,,,,,,,,,,,,,,,0.2413,0.2413,,,,,,,,,,,
BAU,14,2037,TRYLFGSL,E5TRYLF,,,,,,,,,,,,,,,,,0.2429,0.2429,,,,,,,,,,,
BAU,14,2038,TRYLFGSL,E5TRYLF,,,,,,,,,,,,,,,,,0.2443,0.2443,,,,,,,,,,,
BAU,14,2039,TRYLFGSL,E5TRYLF,,,,,,,,,,,,,,,,,0.2456,0.2456,,,,,,,,,,,
BAU,14,2040,TRYLFGSL,E5TRYLF,,,,,,,,,,,,,,,,,0.2467,0.2467,,,,,,,,,,,
BAU,14,2041,TRYLFGSL,E5TRYLF,,,,,,,,,,,,,,,,,0.2564,0.2564,,,,,,,,,,,
BAU,14,2042,TRYLFGSL,E5TRYLF,,,,,,,,,,,,,,,,,0.2664,0.2664,,,,,,,,,,,
BAU,14,2043,TRYLFGSL,E5TRYLF,,,,,,,,,,,,,,,,,0.2765,0.2765,,,,,,,,,,,
BAU,14,2044,TRYLFGSL,E5TRYLF,,,,,,,,,,,,,,,,,0.2868,0.2868,,,,,,,,,,,
BAU,14,2045,TRYLFGSL,E5TRYLF,,,,,,,,,,,,,,,,,0.2975,0.2975,,,,,,,,,,,
BAU,14,2046,TRYLFGSL,E5TRYLF,,,,,,,,,,,,,,,,,0.3088,0.3088,,,,,,,,,,,
BAU,14,2047,TRYLFGSL,E5TRYLF,,,,,,,,,,,,,,,,,0.3204,0.3204,,,,,,,,,,,
BAU,14,2048,TRYLFGSL,E5TRYLF,,,,,,,,,,,,,,,,,0.3322,0.3322,,,,,,,,,,,
BAU,14,2049,TRYLFGSL,E5TRYLF,,,,,,,,,,,,,,,,,0.3443,0.3443,,,,,,,,,,,
BAU,14,2050,TRYLFGSL,E5TRYLF,,,,,,,,,,,,,,,,,0.3567,0.3567,,,,,,,,,,,
BAU,14,2051,TRYLFGSL,E5TRYLF,,,,,,,,,,,,,,,,,0.3648,0.3648,,,,,,,,,,,
BAU,14,2052,TRYLFGSL,E5TRYLF,,,,,,,,,,,,,,,,,0.373,0.373,,,,,,,,,,,
BAU,14,2053,TRYLFGSL,E5TRYLF,,,,,,,,,,,,,,,,,0.3816,0.3816,,,,,,,,,,,
BAU,14,2054,TRYLFGSL,E5TRYLF,,,,,,,,,,,,,,,,,0.3901,0.3901,,,,,,,,,,,
BAU,14,2055,TRYLFGSL,E5TRYLF,,,,,,,,,,,,,,,,,0.3991,0.3991,,,,,,,,,,,
BAU,14,2021,TRMARFOI,E5TRMAR,,,,,,,,,,,,,,,,,1.0819,1.0819,,,,,,,,,,,
BAU,14,2022,TRMARFOI,E5TRMAR,,,,,,,,,,,,,,,,,1.1705,1.1705,,,,,,,,,,,
BAU,14,2023,TRMARFOI,E5TRMAR,,,,,,,,,,,,,,,,,1.2251,1.2251,,,,,,,,,,,
BAU,14,2024,TRMARFOI,E5TRMAR,,,,,,,,,,,,,,,,,1.2486,1.2486,,,,,,,,,,,
BAU,14,2025,TRMARFOI,E5TRMAR,,,,,,,,,,,,,,,,,1.2728,1.2728,,,,,,,,,,,
BAU,14,2026,TRMARFOI,E5TRMAR,,,,,,,,,,,,,,,,,1.2973,1.2973,,,,,,,,,,,
BAU,14,2027,TRMARFOI,E5TRMAR,,,,,,,,,,,,,,,,,1.3218,1.3218,,,,,,,,,,,
BAU,14,2028,TRMARFOI,E5TRMAR,,,,,,,,,,,,,,,,,1.3463,1.3463,,,,,,,,,,,
BAU,14,2029,TRMARFOI,E5TRMAR,,,,,,,,,,,,,,,,,1.3708,1.3708,,,,,,,,,,,
BAU,14,2030,TRMARFOI,E5TRMAR,,,,,,,,,,,,,,,,,1.3953,1.3953,,,,,,,,,,,
BAU,14,2031,TRMARFOI,E5TRMAR,,,,,,,,,,,,,,,,,1.4226,1.4226,,,,,,,,,,,
BAU,14,2032,TRMARFOI,E5TRMAR,,,,,,,,,,,,,,,,,1.45,1.45,,,,,,,,,,,
BAU,14,2033,TRMARFOI,E5TRMAR,,,,,,,,,,,,,,,,,1.4773,1.4773,,,,,,,,,,,
BAU,14,2034,TRMARFOI,E5TRMAR,,,,,,,,,,,,,,,,,1.5046,1.5046,,,,,,,,,,,
BAU,14,2035,TRMARFOI,E5TRMAR,,,,,,,,,,,,,,,,,1.5319,1.5319,,,,,,,,,,,
BAU,14,2036,TRMARFOI,E5TRMAR,,,,,,,,,,,,,,,,,1.5653,1.5653,,,,,,,,,,,
BAU,14,2037,TRMARFOI,E5TRMAR,,,,,,,,,,,,,,,,,1.5987,1.5987,,,,,,,,,,,
BAU,14,2038,TRMARFOI,E5TRMAR,,,,,,,,,,,,,,,,,1.6321,1.6321,,,,,,,,,,,
BAU,14,2039,TRMARFOI,E5TRMAR,,,,,,,,,,,,,,,,,1.6655,1.6655,,,,,,,,,,,
BAU,14,2040,TRMARFOI,E5TRMAR,,,,,,,,,,,,,,,,,1.6989,1.6989,,,,,,,,,,,
BAU,14,2041,TRMARFOI,E5TRMAR,,,,,,,,,,,,,,,,,1.7383,1.7383,,,,,,,,,,,
BAU,14,2042,TRMARFOI,E5TRMAR,,,,,,,,,,,,,,,,,1.7777,1.7777,,,,,,,,,,,
BAU,14,2043,TRMARFOI,E5TRMAR,,,,,,,,,,,,,,,,,1.817,1.817,,,,,,,,,,,
BAU,14,2044,TRMARFOI,E5TRMAR,,,,,,,,,,,,,,,,,1.8564,1.8564,,,,,,,,,,,
BAU,14,2045,TRMARFOI,E5TRMAR,,,,,,,,,,,,,,,,,1.8958,1.8958,,,,,,,,,,,
BAU,14,2046,TRMARFOI,E5TRMAR,,,,,,,,,,,,,,,,,1.9395,1.9395,,,,,,,,,,,
BAU,14,2047,TRMARFOI,E5TRMAR,,,,,,,,,,,,,,,,,1.9832,1.9832,,,,,,,,,,,
BAU,14,2048,TRMARFOI,E5TRMAR,,,,,,,,,,,,,,,,,2.0269,2.0269,,,,,,,,,,,
BAU,14,2049,TRMARFOI,E5TRMAR,,,,,,,,,,,,,,,,,2.0706,2.0706,,,,,,,,,,,
BAU,14,2050,TRMARFOI,E5TRMAR,,,,,,,,,,,,,,,,,2.1143,2.1143,,,,,,,,,,,
BAU,14,2051,TRMARFOI,E5TRMAR,,,,,,,,,,,,,,,,,2.1589,2.1589,,,,,,,,,,,
BAU,14,2052,TRMARFOI,E5TRMAR,,,,,,,,,,,,,,,,,2.2045,2.2045,,,,,,,,,,,
BAU,14,2053,TRMARFOI,E5TRMAR,,,,,,,,,,,,,,,,,2.251,2.251,,,,,,,,,,,
BAU,14,2054,TRMARFOI,E5TRMAR,,,,,,,,,,,,,,,,,2.2985,2.2985,,,,,,,,,,,
BAU,14,2055,TRMARFOI,E5TRMAR,,,,,,,,,,,,,,,,,2.347,2.347,,,,,,,,,,,
BAU,14,2021,TRMAMFREFOI,E5TRMAMFRE,,,,,,,,,,,,,,,,,1.0819,1.0819,,,,,,,,,,,
BAU,14,2022,TRMAMFREFOI,E5TRMAMFRE,,,,,,,,,,,,,,,,,1.1705,1.1705,,,,,,,,,,,
BAU,14,2023,TRMAMFREFOI,E5TRMAMFRE,,,,,,,,,,,,,,,,,1.2251,1.2251,,,,,,,,,,,
BAU,14,2024,TRMAMFREFOI,E5TRMAMFRE,,,,,,,,,,,,,,,,,1.2486,1.2486,,,,,,,,,,,
BAU,14,2025,TRMAMFREFOI,E5TRMAMFRE,,,,,,,,,,,,,,,,,1.2728,1.2728,,,,,,,,,,,
BAU,14,2026,TRMAMFREFOI,E5TRMAMFRE,,,,,,,,,,,,,,,,,1.2973,1.2973,,,,,,,,,,,
BAU,14,2027,TRMAMFREFOI,E5TRMAMFRE,,,,,,,,,,,,,,,,,1.3218,1.3218,,,,,,,,,,,
BAU,14,2028,TRMAMFREFOI,E5TRMAMFRE,,,,,,,,,,,,,,,,,1.3463,1.3463,,,,,,,,,,,
BAU,14,2029,TRMAMFREFOI,E5TRMAMFRE,,,,,,,,,,,,,,,,,1.3708,1.3708,,,,,,,,,,,
BAU,14,2030,TRMAMFREFOI,E5TRMAMFRE,,,,,,,,,,,,,,,,,1.3953,1.3953,,,,,,,,,,,
BAU,14,2031,TRMAMFREFOI,E5TRMAMFRE,,,,,,,,,,,,,,,,,1.4226,1.4226,,,,,,,,,,,
BAU,14,2032,TRMAMFREFOI,E5TRMAMFRE,,,,,,,,,,,,,,,,,1.45,1.45,,,,,,,,,,,
BAU,14,2033,TRMAMFREFOI,E5TRMAMFRE,,,,,,,,,,,,,,,,,1.4773,1.4773,,,,,,,,,,,
BAU,14,2034,TRMAMFREFOI,E5TRMAMFRE,,,,,,,,,,,,,,,,,1.5046,1.5046,,,,,,,,,,,
BAU,14,2035,TRMAMFREFOI,E5TRMAMFRE,,,,,,,,,,,,,,,,,1.5319,1.5319,,,,,,,,,,,
BAU,14,2036,TRMAMFREFOI,E5TRMAMFRE,,,,,,,,,,,,,,,,,1.5653,1.5653,,,,,,,,,,,
BAU,14,2037,TRMAMFREFOI,E5TRMAMFRE,,,,,,,,,,,,,,,,,1.5987,1.5987,,,,,,,,,,,
BAU,14,2038,TRMAMFREFOI,E5TRMAMFRE,,,,,,,,,,,,,,,,,1.6321,1.6321,,,,,,,,,,,
BAU,14,2039,TRMAMFREFOI,E5TRMAMFRE,,,,,,,,,,,,,,,,,1.6655,1.6655,,,,,,,,,,,
BAU,14,2040,TRMAMFREFOI,E5TRMAMFRE,,,,,,,,,,,,,,,,,1.6989,1.6989,,,,,,,,,,,
BAU,14,2041,TRMAMFREFOI,E5TRMAMFRE,,,,,,,,,,,,,,,,,1.7383,1.7383,,,,,,,,,,,
BAU,14,2042,TRMAMFREFOI,E5TRMAMFRE,,,,,,,,,,,,,,,,,1.7777,1.7777,,,,,,,,,,,
BAU,14,2043,TRMAMFREFOI,E5TRMAMFRE,,,,,,,,,,,,,,,,,1.817,1.817,,,,,,,,,,,
BAU,14,2044,TRMAMFREFOI,E5TRMAMFRE,,,,,,,,,,,,,,,,,1.8564,1.8564,,,,,,,,,,,
BAU,14,2045,TRMAMFREFOI,E5TRMAMFRE,,,,,,,,,,,,,,,,,1.8958,1.8958,,,,,,,,,,,
BAU,14,2046,TRMAMFREFOI,E5TRMAMFRE,,,,,,,,,,,,,,,,,1.9395,1.9395,,,,,,,,,,,
BAU,14,2047,TRMAMFREFOI,E5TRMAMFRE,,,,,,,,,,,,,,,,,1.9832,1.9832,,,,,,,,,,,
BAU,14,2048,TRMAMFREFOI,E5TRMAMFRE,,,,,,,,,,,,,,,,,2.0269,2.0269,,,,,,,,,,,
BAU,14,2049,TRMAMFREFOI,E5TRMAMFRE,,,,,,,,,,,,,,,,,2.0706,2.0706,,,,,,,,,,,
BAU,14,2050,TRMAMFREFOI,E5TRMAMFRE,,,,,,,,,,,,,,,,,2.1143,2.1143,,,,,,,,,,,
BAU,14,2051,TRMAMFREFOI,E5TRMAMFRE,,,,,,,,,,,,,,,,,2.1589,2.1589,,,,,,,,,,,
BAU,14,2052,TRMAMFREFOI,E5TRMAMFRE,,,,,,,,,,,,,,,,,2.2045,2.2045,,,,,,,,,,,
BAU,14,2053,TRMAMFREFOI,E5TRMAMFRE,,,,,,,,,,,,,,,,,2.251,2.251,,,,,,,,,,,
BAU,14,2054,TRMAMFREFOI,E5TRMAMFRE,,,,,,,,,,,,,,,,,2.2985,2.2985,,,,,,,,,,,
BAU,14,2055,TRMAMFREFOI,E5TRMAMFRE,,,,,,,,,,,,,,,,,2.347,2.347,,,,,,,,,,,
BAU,14,2021,TRAVKER,E5TRAV,,,,,,,,,,,,,,,,,1.0819,1.0819,,,,,,,,,,,
BAU,14,2022,TRAVKER,E5TRAV,,,,,,,,,,,,,,,,,1.1705,1.1705,,,,,,,,,,,
BAU,14,2023,TRAVKER,E5TRAV,,,,,,,,,,,,,,,,,1.2251,1.2251,,,,,,,,,,,
BAU,14,2024,TRAVKER,E5TRAV,,,,,,,,,,,,,,,,,1.2486,1.2486,,,,,,,,,,,
BAU,14,2025,TRAVKER,E5TRAV,,,,,,,,,,,,,,,,,1.2728,1.2728,,,,,,,,,,,
BAU,14,2026,TRAVKER,E5TRAV,,,,,,,,,,,,,,,,,1.2973,1.2973,,,,,,,,,,,
BAU,14,2027,TRAVKER,E5TRAV,,,,,,,,,,,,,,,,,1.3218,1.3218,,,,,,,,,,,
BAU,14,2028,TRAVKER,E5TRAV,,,,,,,,,,,,,,,,,1.3463,1.3463,,,,,,,,,,,
BAU,14,2029,TRAVKER,E5TRAV,,,,,,,,,,,,,,,,,1.3708,1.3708,,,,,,,,,,,
BAU,14,2030,TRAVKER,E5TRAV,,,,,,,,,,,,,,,,,1.3953,1.3953,,,,,,,,,,,
BAU,14,2031,TRAVKER,E5TRAV,,,,,,,,,,,,,,,,,1.4226,1.4226,,,,,,,,,,,
BAU,14,2032,TRAVKER,E5TRAV,,,,,,,,,,,,,,,,,1.45,1.45,,,,,,,,,,,
BAU,14,2033,TRAVKER,E5TRAV,,,,,,,,,,,,,,,,,1.4773,1.4773,,,,,,,,,,,
BAU,14,2034,TRAVKER,E5TRAV,,,,,,,,,,,,,,,,,1.5046,1.5046,,,,,,,,,,,
BAU,14,2035,TRAVKER,E5TRAV,,,,,,,,,,,,,,,,,1.5319,1.5319,,,,,,,,,,,
BAU,14,2036,TRAVKER,E5TRAV,,,,,,,,,,,,,,,,,1.5653,1.5653,,,,,,,,,,,
BAU,14,2037,TRAVKER,E5TRAV,,,,,,,,,,,,,,,,,1.5987,1.5987,,,,,,,,,,,
BAU,14,2038,TRAVKER,E5TRAV,,,,,,,,,,,,,,,,,1.6321,1.6321,,,,,,,,,,,
BAU,14,2039,TRAVKER,E5TRAV,,,,,,,,,,,,,,,,,1.6655,1.6655,,,,,,,,,,,
BAU,14,2040,TRAVKER,E5TRAV,,,,,,,,,,,,,,,,,1.6989,1.6989,,,,,,,,,,,
BAU,14,2041,TRAVKER,E5TRAV,,,,,,,,,,,,,,,,,1.7383,1.7383,,,,,,,,,,,
BAU,14,2042,TRAVKER,E5TRAV,,,,,,,,,,,,,,,,,1.7777,1.7777,,,,,,,,,,,
BAU,14,2043,TRAVKER,E5TRAV,,,,,,,,,,,,,,,,,1.817,1.817,,,,,,,,,,,
BAU,14,2044,TRAVKER,E5TRAV,,,,,,,,,,,,,,,,,1.8564,1.8564,,,,,,,,,,,
BAU,14,2045,TRAVKER,E5TRAV,,,,,,,,,,,,,,,,,1.8958,1.8958,,,,,,,,,,,
BAU,14,2046,TRAVKER,E5TRAV,,,,,,,,,,,,,,,,,1.9395,1.9395,,,,,,,,,,,
BAU,14,2047,TRAVKER,E5TRAV,,,,,,,,,,,,,,,,,1.9832,1.9832,,,,,,,,,,,
BAU,14,2048,TRAVKER,E5TRAV,,,,,,,,,,,,,,,,,2.0269,2.0269,,,,,,,,,,,
BAU,14,2049,TRAVKER,E5TRAV,,,,,,,,,,,,,,,,,2.0706,2.0706,,,,,,,,,,,
BAU,14,2050,TRAVKER,E5TRAV,,,,,,,,,,,,,,,,,2.1143,2.1143,,,,,,,,,,,
BAU,14,2051,TRAVKER,E5TRAV,,,,,,,,,,,,,,,,,2.1589,2.1589,,,,,,,,,,,
BAU,14,2052,TRAVKER,E5TRAV,,,,,,,,,,,,,,,,,2.2045,2.2045,,,,,,,,,,,
BAU,14,2053,TRAVKER,E5TRAV,,,,,,,,,,,,,,,,,2.251,2.251,,,,,,,,,,,
BAU,14,2054,TRAVKER,E5TRAV,,,,,,,,,,,,,,,,,2.2985,2.2985,,,,,,,,,,,
BAU,14,2055,TRAVKER,E5TRAV,,,,,,,,,,,,,,,,,2.347,2.347,,,,,,,,,,,
BAU,14,2021,Techs_Auto,E6TDPASPRI,,,,,,,,,,,,,,,,,7.5306,7.5306,,,,,,,,,,,
BAU,14,2022,Techs_Auto,E6TDPASPRI,,,,,,,,,,,,,,,,,8.14725,8.14725,,,,,,,,,,,
BAU,14,2023,Techs_Auto,E6TDPASPRI,,,,,,,,,,,,,,,,,8.52735,8.52735,,,,,,,,,,,
BAU,14,2024,Techs_Auto,E6TDPASPRI,,,,,,,,,,,,,,,,,8.691,8.691,,,,,,,,,,,
BAU,14,2025,Techs_Auto,E6TDPASPRI,,,,,,,,,,,,,,,,,8.8593,8.8593,,,,,,,,,,,
BAU,14,2026,Techs_Auto,E6TDPASPRI,,,,,,,,,,,,,,,,,9.02985,9.02985,,,,,,,,,,,
BAU,14,2027,Techs_Auto,E6TDPASPRI,,,,,,,,,,,,,,,,,9.174,9.174,,,,,,,,,,,
BAU,14,2028,Techs_Auto,E6TDPASPRI,,,,,,,,,,,,,,,,,9.3174,9.3174,,,,,,,,,,,
BAU,14,2029,Techs_Auto,E6TDPASPRI,,,,,,,,,,,,,,,,,9.45975,9.45975,,,,,,,,,,,
BAU,14,2030,Techs_Auto,E6TDPASPRI,,,,,,,,,,,,,,,,,9.6009,9.6009,,,,,,,,,,,
BAU,14,2031,Techs_Auto,E6TDPASPRI,,,,,,,,,,,,,,,,,9.76065,9.76065,,,,,,,,,,,
BAU,14,2032,Techs_Auto,E6TDPASPRI,,,,,,,,,,,,,,,,,9.91905,9.91905,,,,,,,,,,,
BAU,14,2033,Techs_Auto,E6TDPASPRI,,,,,,,,,,,,,,,,,10.0764,10.0764,,,,,,,,,,,
BAU,14,2034,Techs_Auto,E6TDPASPRI,,,,,,,,,,,,,,,,,10.233,10.233,,,,,,,,,,,
BAU,14,2035,Techs_Auto,E6TDPASPRI,,,,,,,,,,,,,,,,,10.38825,10.38825,,,,,,,,,,,
BAU,14,2036,Techs_Auto,E6TDPASPRI,,,,,,,,,,,,,,,,,10.5834,10.5834,,,,,,,,,,,
BAU,14,2037,Techs_Auto,E6TDPASPRI,,,,,,,,,,,,,,,,,10.7775,10.7775,,,,,,,,,,,
BAU,14,2038,Techs_Auto,E6TDPASPRI,,,,,,,,,,,,,,,,,10.9701,10.9701,,,,,,,,,,,
BAU,14,2039,Techs_Auto,E6TDPASPRI,,,,,,,,,,,,,,,,,11.16135,11.16135,,,,,,,,,,,
BAU,14,2040,Techs_Auto,E6TDPASPRI,,,,,,,,,,,,,,,,,11.3514,11.3514,,,,,,,,,,,
BAU,14,2041,Techs_Auto,E6TDPASPRI,,,,,,,,,,,,,,,,,11.5797,11.5797,,,,,,,,,,,
BAU,14,2042,Techs_Auto,E6TDPASPRI,,,,,,,,,,,,,,,,,11.80665,11.80665,,,,,,,,,,,
BAU,14,2043,Techs_Auto,E6TDPASPRI,,,,,,,,,,,,,,,,,12.03195,12.03195,,,,,,,,,,,
BAU,14,2044,Techs_Auto,E6TDPASPRI,,,,,,,,,,,,,,,,,12.2556,12.2556,,,,,,,,,,,
BAU,14,2045,Techs_Auto,E6TDPASPRI,,,,,,,,,,,,,,,,,12.47775,12.47775,,,,,,,,,,,
BAU,14,2046,Techs_Auto,E6TDPASPRI,,,,,,,,,,,,,,,,,12.72675,12.72675,,,,,,,,,,,
BAU,14,2047,Techs_Auto,E6TDPASPRI,,,,,,,,,,,,,,,,,12.9738,12.9738,,,,,,,,,,,
BAU,14,2048,Techs_Auto,E6TDPASPRI,,,,,,,,,,,,,,,,,13.21935,13.21935,,,,,,,,,,,
BAU,14,2049,Techs_Auto,E6TDPASPRI,,,,,,,,,,,,,,,,,13.4631,13.4631,,,,,,,,,,,
BAU,14,2050,Techs_Auto,E6TDPASPRI,,,,,,,,,,,,,,,,,13.7052,13.7052,,,,,,,,,,,
BAU,14,2051,Techs_Auto,E6TDPASPRI,,,,,,,,,,,,,,,,,13.95135,13.95135,,,,,,,,,,,
BAU,14,2052,Techs_Auto,E6TDPASPRI,,,,,,,,,,,,,,,,,14.20185,14.20185,,,,,,,,,,,
BAU,14,2053,Techs_Auto,E6TDPASPRI,,,,,,,,,,,,,,,,,14.4567,14.4567,,,,,,,,,,,
BAU,14,2054,Techs_Auto,E6TDPASPRI,,,,,,,,,,,,,,,,,14.7159,14.7159,,,,,,,,,,,
BAU,14,2055,Techs_Auto,E6TDPASPRI,,,,,,,,,,,,,,,,,14.97975,14.97975,,,,,,,,,,,
BAU,14,2021,Techs_Motos,E6TDPASPRI,,,,,,,,,,,,,,,,,0.40304,0.40304,,,,,,,,,,,
BAU,14,2022,Techs_Motos,E6TDPASPRI,,,,,,,,,,,,,,,,,0.43604,0.43604,,,,,,,,,,,
BAU,14,2023,Techs_Motos,E6TDPASPRI,,,,,,,,,,,,,,,,,0.45639,0.45639,,,,,,,,,,,
BAU,14,2024,Techs_Motos,E6TDPASPRI,,,,,,,,,,,,,,,,,0.46512,0.46512,,,,,,,,,,,
BAU,14,2025,Techs_Motos,E6TDPASPRI,,,,,,,,,,,,,,,,,0.47418,0.47418,,,,,,,,,,,
BAU,14,2026,Techs_Motos,E6TDPASPRI,,,,,,,,,,,,,,,,,0.48327,0.48327,,,,,,,,,,,
BAU,14,2027,Techs_Motos,E6TDPASPRI,,,,,,,,,,,,,,,,,0.49104,0.49104,,,,,,,,,,,
BAU,14,2028,Techs_Motos,E6TDPASPRI,,,,,,,,,,,,,,,,,0.49863,0.49863,,,,,,,,,,,
BAU,14,2029,Techs_Motos,E6TDPASPRI,,,,,,,,,,,,,,,,,0.50622,0.50622,,,,,,,,,,,
BAU,14,2030,Techs_Motos,E6TDPASPRI,,,,,,,,,,,,,,,,,0.51381,0.51381,,,,,,,,,,,
BAU,14,2031,Techs_Motos,E6TDPASPRI,,,,,,,,,,,,,,,,,0.52239,0.52239,,,,,,,,,,,
BAU,14,2032,Techs_Motos,E6TDPASPRI,,,,,,,,,,,,,,,,,0.53086,0.53086,,,,,,,,,,,
BAU,14,2033,Techs_Motos,E6TDPASPRI,,,,,,,,,,,,,,,,,0.53933,0.53933,,,,,,,,,,,
BAU,14,2034,Techs_Motos,E6TDPASPRI,,,,,,,,,,,,,,,,,0.54758,0.54758,,,,,,,,,,,
BAU,14,2035,Techs_Motos,E6TDPASPRI,,,,,,,,,,,,,,,,,0.55594,0.55594,,,,,,,,,,,
BAU,14,2036,Techs_Motos,E6TDPASPRI,,,,,,,,,,,,,,,,,0.56639,0.56639,,,,,,,,,,,
BAU,14,2037,Techs_Motos,E6TDPASPRI,,,,,,,,,,,,,,,,,0.57682,0.57682,,,,,,,,,,,
BAU,14,2038,Techs_Motos,E6TDPASPRI,,,,,,,,,,,,,,,,,0.58707,0.58707,,,,,,,,,,,
BAU,14,2039,Techs_Motos,E6TDPASPRI,,,,,,,,,,,,,,,,,0.59731,0.59731,,,,,,,,,,,
BAU,14,2040,Techs_Motos,E6TDPASPRI,,,,,,,,,,,,,,,,,0.60742,0.60742,,,,,,,,,,,
BAU,14,2041,Techs_Motos,E6TDPASPRI,,,,,,,,,,,,,,,,,0.61974,0.61974,,,,,,,,,,,
BAU,14,2042,Techs_Motos,E6TDPASPRI,,,,,,,,,,,,,,,,,0.63197,0.63197,,,,,,,,,,,
BAU,14,2043,Techs_Motos,E6TDPASPRI,,,,,,,,,,,,,,,,,0.64395,0.64395,,,,,,,,,,,
BAU,14,2044,Techs_Motos,E6TDPASPRI,,,,,,,,,,,,,,,,,0.656,0.656,,,,,,,,,,,
BAU,14,2045,Techs_Motos,E6TDPASPRI,,,,,,,,,,,,,,,,,0.66781,0.66781,,,,,,,,,,,
BAU,14,2046,Techs_Motos,E6TDPASPRI,,,,,,,,,,,,,,,,,0.68112,0.68112,,,,,,,,,,,
BAU,14,2047,Techs_Motos,E6TDPASPRI,,,,,,,,,,,,,,,,,0.69432,0.69432,,,,,,,,,,,
BAU,14,2048,Techs_Motos,E6TDPASPRI,,,,,,,,,,,,,,,,,0.70741,0.70741,,,,,,,,,,,
BAU,14,2049,Techs_Motos,E6TDPASPRI,,,,,,,,,,,,,,,,,0.7205,0.7205,,,,,,,,,,,
BAU,14,2050,Techs_Motos,E6TDPASPRI,,,,,,,,,,,,,,,,,0.73348,0.73348,,,,,,,,,,,
BAU,14,2051,Techs_Motos,E6TDPASPRI,,,,,,,,,,,,,,,,,0.74657,0.74657,,,,,,,,,,,
BAU,14,2052,Techs_Motos,E6TDPASPRI,,,,,,,,,,,,,,,,,0.75999,0.75999,,,,,,,,,,,
BAU,14,2053,Techs_Motos,E6TDPASPRI,,,,,,,,,,,,,,,,,0.77363,0.77363,,,,,,,,,,,
BAU,14,2054,Techs_Motos,E6TDPASPRI,,,,,,,,,,,,,,,,,0.7876,0.7876,,,,,,,,,,,
BAU,14,2055,Techs_Motos,E6TDPASPRI,,,,,,,,,,,,,,,,,0.80168,0.80168,,,,,,,,,,,
BAU,14,2021,Techs_SUV,E6TDPASPRI,,,,,,,,,,,,,,,,,0.5688,0.5688,,,,,,,,,,,
BAU,14,2022,Techs_SUV,E6TDPASPRI,,,,,,,,,,,,,,,,,0.61536,0.61536,,,,,,,,,,,
BAU,14,2023,Techs_SUV,E6TDPASPRI,,,,,,,,,,,,,,,,,0.64416,0.64416,,,,,,,,,,,
BAU,14,2024,Techs_SUV,E6TDPASPRI,,,,,,,,,,,,,,,,,0.65648,0.65648,,,,,,,,,,,
BAU,14,2025,Techs_SUV,E6TDPASPRI,,,,,,,,,,,,,,,,,0.66912,0.66912,,,,,,,,,,,
BAU,14,2026,Techs_SUV,E6TDPASPRI,,,,,,,,,,,,,,,,,0.68208,0.68208,,,,,,,,,,,
BAU,14,2027,Techs_SUV,E6TDPASPRI,,,,,,,,,,,,,,,,,0.69296,0.69296,,,,,,,,,,,
BAU,14,2028,Techs_SUV,E6TDPASPRI,,,,,,,,,,,,,,,,,0.70384,0.70384,,,,,,,,,,,
BAU,14,2029,Techs_SUV,E6TDPASPRI,,,,,,,,,,,,,,,,,0.71453,0.71453,,,,,,,,,,,
BAU,14,2030,Techs_SUV,E6TDPASPRI,,,,,,,,,,,,,,,,,0.72529,0.72529,,,,,,,,,,,
BAU,14,2031,Techs_SUV,E6TDPASPRI,,,,,,,,,,,,,,,,,0.73728,0.73728,,,,,,,,,,,
BAU,14,2032,Techs_SUV,E6TDPASPRI,,,,,,,,,,,,,,,,,0.74928,0.74928,,,,,,,,,,,
BAU,14,2033,Techs_SUV,E6TDPASPRI,,,,,,,,,,,,,,,,,0.76117,0.76117,,,,,,,,,,,
BAU,14,2034,Techs_SUV,E6TDPASPRI,,,,,,,,,,,,,,,,,0.77296,0.77296,,,,,,,,,,,
BAU,14,2035,Techs_SUV,E6TDPASPRI,,,,,,,,,,,,,,,,,0.78471,0.78471,,,,,,,,,,,
BAU,14,2036,Techs_SUV,E6TDPASPRI,,,,,,,,,,,,,,,,,0.79952,0.79952,,,,,,,,,,,
BAU,14,2037,Techs_SUV,E6TDPASPRI,,,,,,,,,,,,,,,,,0.81408,0.81408,,,,,,,,,,,
BAU,14,2038,Techs_SUV,E6TDPASPRI,,,,,,,,,,,,,,,,,0.82864,0.82864,,,,,,,,,,,
BAU,14,2039,Techs_SUV,E6TDPASPRI,,,,,,,,,,,,,,,,,0.84304,0.84304,,,,,,,,,,,
BAU,14,2040,Techs_SUV,E6TDPASPRI,,,,,,,,,,,,,,,,,0.85744,0.85744,,,,,,,,,,,
BAU,14,2041,Techs_SUV,E6TDPASPRI,,,,,,,,,,,,,,,,,0.87472,0.87472,,,,,,,,,,,
BAU,14,2042,Techs_SUV,E6TDPASPRI,,,,,,,,,,,,,,,,,0.89168,0.89168,,,,,,,,,,,
BAU,14,2043,Techs_SUV,E6TDPASPRI,,,,,,,,,,,,,,,,,0.9088,0.9088,,,,,,,,,,,
BAU,14,2044,Techs_SUV,E6TDPASPRI,,,,,,,,,,,,,,,,,0.9256,0.9256,,,,,,,,,,,
BAU,14,2045,Techs_SUV,E6TDPASPRI,,,,,,,,,,,,,,,,,0.94256,0.94256,,,,,,,,,,,
BAU,14,2046,Techs_SUV,E6TDPASPRI,,,,,,,,,,,,,,,,,0.96128,0.96128,,,,,,,,,,,
BAU,14,2047,Techs_SUV,E6TDPASPRI,,,,,,,,,,,,,,,,,0.98008,0.98008,,,,,,,,,,,
BAU,14,2048,Techs_SUV,E6TDPASPRI,,,,,,,,,,,,,,,,,0.99854,0.99854,,,,,,,,,,,
BAU,14,2049,Techs_SUV,E6TDPASPRI,,,,,,,,,,,,,,,,,1.01696,1.01696,,,,,,,,,,,
BAU,14,2050,Techs_SUV,E6TDPASPRI,,,,,,,,,,,,,,,,,1.0352,1.0352,,,,,,,,,,,
BAU,14,2051,Techs_SUV,E6TDPASPRI,,,,,,,,,,,,,,,,,1.05388,1.05388,,,,,,,,,,,
BAU,14,2052,Techs_SUV,E6TDPASPRI,,,,,,,,,,,,,,,,,1.0728,1.0728,,,,,,,,,,,
BAU,14,2053,Techs_SUV,E6TDPASPRI,,,,,,,,,,,,,,,,,1.092,1.092,,,,,,,,,,,
BAU,14,2054,Techs_SUV,E6TDPASPRI,,,,,,,,,,,,,,,,,1.11152,1.11152,,,,,,,,,,,
BAU,14,2055,Techs_SUV,E6TDPASPRI,,,,,,,,,,,,,,,,,1.13147,1.13147,,,,,,,,,,,
BAU,14,2021,Techs_Taxi,E6TDPASPUB,,,,,,,,,,,,,,,,,0.2178,0.2178,,,,,,,,,,,
BAU,14,2022,Techs_Taxi,E6TDPASPUB,,,,,,,,,,,,,,,,,0.23565,0.23565,,,,,,,,,,,
BAU,14,2023,Techs_Taxi,E6TDPASPUB,,,,,,,,,,,,,,,,,0.246625,0.246625,,,,,,,,,,,
BAU,14,2024,Techs_Taxi,E6TDPASPUB,,,,,,,,,,,,,,,,,0.251375,0.251375,,,,,,,,,,,
BAU,14,2025,Techs_Taxi,E6TDPASPUB,,,,,,,,,,,,,,,,,0.25625,0.25625,,,,,,,,,,,
BAU,14,2026,Techs_Taxi,E6TDPASPUB,,,,,,,,,,,,,,,,,0.261175,0.261175,,,,,,,,,,,
BAU,14,2027,Techs_Taxi,E6TDPASPUB,,,,,,,,,,,,,,,,,0.26535,0.26535,,,,,,,,,,,
BAU,14,2028,Techs_Taxi,E6TDPASPUB,,,,,,,,,,,,,,,,,0.269475,0.269475,,,,,,,,,,,
BAU,14,2029,Techs_Taxi,E6TDPASPUB,,,,,,,,,,,,,,,,,0.2736,0.2736,,,,,,,,,,,
BAU,14,2030,Techs_Taxi,E6TDPASPUB,,,,,,,,,,,,,,,,,0.277675,0.277675,,,,,,,,,,,
BAU,14,2031,Techs_Taxi,E6TDPASPUB,,,,,,,,,,,,,,,,,0.282275,0.282275,,,,,,,,,,,
BAU,14,2032,Techs_Taxi,E6TDPASPUB,,,,,,,,,,,,,,,,,0.2869,0.2869,,,,,,,,,,,
BAU,14,2033,Techs_Taxi,E6TDPASPUB,,,,,,,,,,,,,,,,,0.29145,0.29145,,,,,,,,,,,
BAU,14,2034,Techs_Taxi,E6TDPASPUB,,,,,,,,,,,,,,,,,0.296,0.296,,,,,,,,,,,
BAU,14,2035,Techs_Taxi,E6TDPASPUB,,,,,,,,,,,,,,,,,0.30045,0.30045,,,,,,,,,,,
BAU,14,2036,Techs_Taxi,E6TDPASPUB,,,,,,,,,,,,,,,,,0.3061,0.3061,,,,,,,,,,,
BAU,14,2037,Techs_Taxi,E6TDPASPUB,,,,,,,,,,,,,,,,,0.3117,0.3117,,,,,,,,,,,
BAU,14,2038,Techs_Taxi,E6TDPASPUB,,,,,,,,,,,,,,,,,0.317275,0.317275,,,,,,,,,,,
BAU,14,2039,Techs_Taxi,E6TDPASPUB,,,,,,,,,,,,,,,,,0.322825,0.322825,,,,,,,,,,,
BAU,14,2040,Techs_Taxi,E6TDPASPUB,,,,,,,,,,,,,,,,,0.3283,0.3283,,,,,,,,,,,
BAU,14,2041,Techs_Taxi,E6TDPASPUB,,,,,,,,,,,,,,,,,0.334925,0.334925,,,,,,,,,,,
BAU,14,2042,Techs_Taxi,E6TDPASPUB,,,,,,,,,,,,,,,,,0.341475,0.341475,,,,,,,,,,,
BAU,14,2043,Techs_Taxi,E6TDPASPUB,,,,,,,,,,,,,,,,,0.348,0.348,,,,,,,,,,,
BAU,14,2044,Techs_Taxi,E6TDPASPUB,,,,,,,,,,,,,,,,,0.35445,0.35445,,,,,,,,,,,
BAU,14,2045,Techs_Taxi,E6TDPASPUB,,,,,,,,,,,,,,,,,0.3609,0.3609,,,,,,,,,,,
BAU,14,2046,Techs_Taxi,E6TDPASPUB,,,,,,,,,,,,,,,,,0.3681,0.3681,,,,,,,,,,,
BAU,14,2047,Techs_Taxi,E6TDPASPUB,,,,,,,,,,,,,,,,,0.37525,0.37525,,,,,,,,,,,
BAU,14,2048,Techs_Taxi,E6TDPASPUB,,,,,,,,,,,,,,,,,0.382325,0.382325,,,,,,,,,,,
BAU,14,2049,Techs_Taxi,E6TDPASPUB,,,,,,,,,,,,,,,,,0.389375,0.389375,,,,,,,,,,,
BAU,14,2050,Techs_Taxi,E6TDPASPUB,,,,,,,,,,,,,,,,,0.396375,0.396375,,,,,,,,,,,
BAU,14,2051,Techs_Taxi,E6TDPASPUB,,,,,,,,,,,,,,,,,0.4035,0.4035,,,,,,,,,,,
BAU,14,2052,Techs_Taxi,E6TDPASPUB,,,,,,,,,,,,,,,,,0.410775,0.410775,,,,,,,,,,,
BAU,14,2053,Techs_Taxi,E6TDPASPUB,,,,,,,,,,,,,,,,,0.418125,0.418125,,,,,,,,,,,
BAU,14,2054,Techs_Taxi,E6TDPASPUB,,,,,,,,,,,,,,,,,0.425625,0.425625,,,,,,,,,,,
BAU,14,2055,Techs_Taxi,E6TDPASPUB,,,,,,,,,,,,,,,,,0.43325,0.43325,,,,,,,,,,,
BAU,14,2021,Techs_Buses_Micro,E6TDPASPUB,,,,,,,,,,,,,,,,,0.50306025,0.50306025,,,,,,,,,,,
BAU,14,2022,Techs_Buses_Micro,E6TDPASPUB,,,,,,,,,,,,,,,,,0.5443251,0.5443251,,,,,,,,,,,
BAU,14,2023,Techs_Buses_Micro,E6TDPASPUB,,,,,,,,,,,,,,,,,0.56982585,0.56982585,,,,,,,,,,,
BAU,14,2024,Techs_Buses_Micro,E6TDPASPUB,,,,,,,,,,,,,,,,,0.58095345,0.58095345,,,,,,,,,,,
BAU,14,2025,Techs_Buses_Micro,E6TDPASPUB,,,,,,,,,,,,,,,,,0.59208105,0.59208105,,,,,,,,,,,
BAU,14,2026,Techs_Buses_Micro,E6TDPASPUB,,,,,,,,,,,,,,,,,0.60320865,0.60320865,,,,,,,,,,,
BAU,14,2027,Techs_Buses_Micro,E6TDPASPUB,,,,,,,,,,,,,,,,,0.6129453,0.6129453,,,,,,,,,,,
BAU,14,2028,Techs_Buses_Micro,E6TDPASPUB,,,,,,,,,,,,,,,,,0.6222183,0.6222183,,,,,,,,,,,
BAU,14,2029,Techs_Buses_Micro,E6TDPASPUB,,,,,,,,,,,,,,,,,0.63195495,0.63195495,,,,,,,,,,,
BAU,14,2030,Techs_Buses_Micro,E6TDPASPUB,,,,,,,,,,,,,,,,,0.6416916,0.6416916,,,,,,,,,,,
BAU,14,2031,Techs_Buses_Micro,E6TDPASPUB,,,,,,,,,,,,,,,,,0.6518919,0.6518919,,,,,,,,,,,
BAU,14,2032,Techs_Buses_Micro,E6TDPASPUB,,,,,,,,,,,,,,,,,0.66255585,0.66255585,,,,,,,,,,,
BAU,14,2033,Techs_Buses_Micro,E6TDPASPUB,,,,,,,,,,,,,,,,,0.6732198,0.6732198,,,,,,,,,,,
BAU,14,2034,Techs_Buses_Micro,E6TDPASPUB,,,,,,,,,,,,,,,,,0.6834201,0.6834201,,,,,,,,,,,
BAU,14,2035,Techs_Buses_Micro,E6TDPASPUB,,,,,,,,,,,,,,,,,0.69408405,0.69408405,,,,,,,,,,,
BAU,14,2036,Techs_Buses_Micro,E6TDPASPUB,,,,,,,,,,,,,,,,,0.70706625,0.70706625,,,,,,,,,,,
BAU,14,2037,Techs_Buses_Micro,E6TDPASPUB,,,,,,,,,,,,,,,,,0.72004845,0.72004845,,,,,,,,,,,
BAU,14,2038,Techs_Buses_Micro,E6TDPASPUB,,,,,,,,,,,,,,,,,0.73303065,0.73303065,,,,,,,,,,,
BAU,14,2039,Techs_Buses_Micro,E6TDPASPUB,,,,,,,,,,,,,,,,,0.74601285,0.74601285,,,,,,,,,,,
BAU,14,2040,Techs_Buses_Micro,E6TDPASPUB,,,,,,,,,,,,,,,,,0.7585314,0.7585314,,,,,,,,,,,
BAU,14,2041,Techs_Buses_Micro,E6TDPASPUB,,,,,,,,,,,,,,,,,0.77383185,0.77383185,,,,,,,,,,,
BAU,14,2042,Techs_Buses_Micro,E6TDPASPUB,,,,,,,,,,,,,,,,,0.78866865,0.78866865,,,,,,,,,,,
BAU,14,2043,Techs_Buses_Micro,E6TDPASPUB,,,,,,,,,,,,,,,,,0.8039691,0.8039691,,,,,,,,,,,
BAU,14,2044,Techs_Buses_Micro,E6TDPASPUB,,,,,,,,,,,,,,,,,0.8188059,0.8188059,,,,,,,,,,,
BAU,14,2045,Techs_Buses_Micro,E6TDPASPUB,,,,,,,,,,,,,,,,,0.83410635,0.83410635,,,,,,,,,,,
BAU,14,2046,Techs_Buses_Micro,E6TDPASPUB,,,,,,,,,,,,,,,,,0.85079775,0.85079775,,,,,,,,,,,
BAU,14,2047,Techs_Buses_Micro,E6TDPASPUB,,,,,,,,,,,,,,,,,0.86656185,0.86656185,,,,,,,,,,,
BAU,14,2048,Techs_Buses_Micro,E6TDPASPUB,,,,,,,,,,,,,,,,,0.884215,0.884215,,,,,,,,,,,
BAU,14,2049,Techs_Buses_Micro,E6TDPASPUB,,,,,,,,,,,,,,,,,0.899481,0.899481,,,,,,,,,,,
BAU,14,2050,Techs_Buses_Micro,E6TDPASPUB,,,,,,,,,,,,,,,,,0.916345,0.916345,,,,,,,,,,,
BAU,14,2051,Techs_Buses_Micro,E6TDPASPUB,,,,,,,,,,,,,,,,,0.93240015,0.93240015,,,,,,,,,,,
BAU,14,2052,Techs_Buses_Micro,E6TDPASPUB,,,,,,,,,,,,,,,,,0.949325,0.949325,,,,,,,,,,,
BAU,14,2053,Techs_Buses_Micro,E6TDPASPUB,,,,,,,,,,,,,,,,,0.96578295,0.96578295,,,,,,,,,,,
BAU,14,2054,Techs_Buses_Micro,E6TDPASPUB,,,,,,,,,,,,,,,,,0.983655,0.983655,,,,,,,,,,,
BAU,14,2055,Techs_Buses_Micro,E6TDPASPUB,,,,,,,,,,,,,,,,,1.00137,1.00137,,,,,,,,,,,
BAU,14,2021,Techs_Buses_Pub,E6TDPASPUB,,,,,,,,,,,,,,,,,0.08373975,0.08373975,,,,,,,,,,,
BAU,14,2022,Techs_Buses_Pub,E6TDPASPUB,,,,,,,,,,,,,,,,,0.0905249,0.0905249,,,,,,,,,,,
BAU,14,2023,Techs_Buses_Pub,E6TDPASPUB,,,,,,,,,,,,,,,,,0.09464915,0.09464915,,,,,,,,,,,
BAU,14,2024,Techs_Buses_Pub,E6TDPASPUB,,,,,,,,,,,,,,,,,0.09627155,0.09627155,,,,,,,,,,,
BAU,14,2025,Techs_Buses_Pub,E6TDPASPUB,,,,,,,,,,,,,,,,,0.09867,0.09867,,,,,,,,,,,
BAU,14,2026,Techs_Buses_Pub,E6TDPASPUB,,,,,,,,,,,,,,,,,0.10041635,0.10041635,,,,,,,,,,,
BAU,14,2027,Techs_Buses_Pub,E6TDPASPUB,,,,,,,,,,,,,,,,,0.1019047,0.1019047,,,,,,,,,,,
BAU,14,2028,Techs_Buses_Pub,E6TDPASPUB,,,,,,,,,,,,,,,,,0.10439,0.10439,,,,,,,,,,,
BAU,14,2029,Techs_Buses_Pub,E6TDPASPUB,,,,,,,,,,,,,,,,,0.10514505,0.10514505,,,,,,,,,,,
BAU,14,2030,Techs_Buses_Pub,E6TDPASPUB,,,,,,,,,,,,,,,,,0.1064334,0.1064334,,,,,,,,,,,
BAU,14,2031,Techs_Buses_Pub,E6TDPASPUB,,,,,,,,,,,,,,,,,0.10868,0.10868,,,,,,,,,,,
BAU,14,2032,Techs_Buses_Pub,E6TDPASPUB,,,,,,,,,,,,,,,,,0.11034415,0.11034415,,,,,,,,,,,
BAU,14,2033,Techs_Buses_Pub,E6TDPASPUB,,,,,,,,,,,,,,,,,0.1119302,0.1119302,,,,,,,,,,,
BAU,14,2034,Techs_Buses_Pub,E6TDPASPUB,,,,,,,,,,,,,,,,,0.1139799,0.1139799,,,,,,,,,,,
BAU,14,2035,Techs_Buses_Pub,E6TDPASPUB,,,,,,,,,,,,,,,,,0.11583,0.11583,,,,,,,,,,,
BAU,14,2036,Techs_Buses_Pub,E6TDPASPUB,,,,,,,,,,,,,,,,,0.11763375,0.11763375,,,,,,,,,,,
BAU,14,2037,Techs_Buses_Pub,E6TDPASPUB,,,,,,,,,,,,,,,,,0.11975155,0.11975155,,,,,,,,,,,
BAU,14,2038,Techs_Buses_Pub,E6TDPASPUB,,,,,,,,,,,,,,,,,0.12179435,0.12179435,,,,,,,,,,,
BAU,14,2039,Techs_Buses_Pub,E6TDPASPUB,,,,,,,,,,,,,,,,,0.12441,0.12441,,,,,,,,,,,
BAU,14,2040,Techs_Buses_Pub,E6TDPASPUB,,,,,,,,,,,,,,,,,0.1259686,0.1259686,,,,,,,,,,,
BAU,14,2041,Techs_Buses_Pub,E6TDPASPUB,,,,,,,,,,,,,,,,,0.1287,0.1287,,,,,,,,,,,
BAU,14,2042,Techs_Buses_Pub,E6TDPASPUB,,,,,,,,,,,,,,,,,0.13156,0.13156,,,,,,,,,,,
BAU,14,2043,Techs_Buses_Pub,E6TDPASPUB,,,,,,,,,,,,,,,,,0.1335309,0.1335309,,,,,,,,,,,
BAU,14,2044,Techs_Buses_Pub,E6TDPASPUB,,,,,,,,,,,,,,,,,0.1361441,0.1361441,,,,,,,,,,,
BAU,14,2045,Techs_Buses_Pub,E6TDPASPUB,,,,,,,,,,,,,,,,,0.13819365,0.13819365,,,,,,,,,,,
BAU,14,2046,Techs_Buses_Pub,E6TDPASPUB,,,,,,,,,,,,,,,,,0.14157,0.14157,,,,,,,,,,,
BAU,14,2047,Techs_Buses_Pub,E6TDPASPUB,,,,,,,,,,,,,,,,,0.14443,0.14443,,,,,,,,,,,
BAU,14,2048,Techs_Buses_Pub,E6TDPASPUB,,,,,,,,,,,,,,,,,0.14586,0.14586,,,,,,,,,,,
BAU,14,2049,Techs_Buses_Pub,E6TDPASPUB,,,,,,,,,,,,,,,,,0.15015,0.15015,,,,,,,,,,,
BAU,14,2050,Techs_Buses_Pub,E6TDPASPUB,,,,,,,,,,,,,,,,,0.15158,0.15158,,,,,,,,,,,
BAU,14,2051,Techs_Buses_Pub,E6TDPASPUB,,,,,,,,,,,,,,,,,0.15587,0.15587,,,,,,,,,,,
BAU,14,2052,Techs_Buses_Pub,E6TDPASPUB,,,,,,,,,,,,,,,,,0.1573,0.1573,,,,,,,,,,,
BAU,14,2053,Techs_Buses_Pub,E6TDPASPUB,,,,,,,,,,,,,,,,,0.16159,0.16159,,,,,,,,,,,
BAU,14,2054,Techs_Buses_Pub,E6TDPASPUB,,,,,,,,,,,,,,,,,0.16302,0.16302,,,,,,,,,,,
BAU,14,2055,Techs_Buses_Pub,E6TDPASPUB,,,,,,,,,,,,,,,,,0.16588,0.16588,,,,,,,,,,,
BAU,14,2021,Techs_He_Freight,E6TDFREHEA,,,,,,,,,,,,,,,,,13.3641,13.3641,,,,,,,,,,,
BAU,14,2022,Techs_He_Freight,E6TDFREHEA,,,,,,,,,,,,,,,,,14.458896,14.458896,,,,,,,,,,,
BAU,14,2023,Techs_He_Freight,E6TDFREHEA,,,,,,,,,,,,,,,,,15.133,15.133,,,,,,,,,,,
BAU,14,2024,Techs_He_Freight,E6TDFREHEA,,,,,,,,,,,,,,,,,15.4234,15.4234,,,,,,,,,,,
BAU,14,2025,Techs_He_Freight,E6TDFREHEA,,,,,,,,,,,,,,,,,15.722208,15.722208,,,,,,,,,,,
BAU,14,2026,Techs_He_Freight,E6TDFREHEA,,,,,,,,,,,,,,,,,16.0248,16.0248,,,,,,,,,,,
BAU,14,2027,Techs_He_Freight,E6TDFREHEA,,,,,,,,,,,,,,,,,16.3548,16.3548,,,,,,,,,,,
BAU,14,2028,Techs_He_Freight,E6TDFREHEA,,,,,,,,,,,,,,,,,16.686432,16.686432,,,,,,,,,,,
BAU,14,2029,Techs_He_Freight,E6TDFREHEA,,,,,,,,,,,,,,,,,17.017884,17.017884,,,,,,,,,,,
BAU,14,2030,Techs_He_Freight,E6TDFREHEA,,,,,,,,,,,,,,,,,17.3508,17.3508,,,,,,,,,,,
BAU,14,2031,Techs_He_Freight,E6TDFREHEA,,,,,,,,,,,,,,,,,17.7199,17.7199,,,,,,,,,,,
BAU,14,2032,Techs_He_Freight,E6TDFREHEA,,,,,,,,,,,,,,,,,18.09036,18.09036,,,,,,,,,,,
BAU,14,2033,Techs_He_Freight,E6TDFREHEA,,,,,,,,,,,,,,,,,18.4614,18.4614,,,,,,,,,,,
BAU,14,2034,Techs_He_Freight,E6TDFREHEA,,,,,,,,,,,,,,,,,18.8339,18.8339,,,,,,,,,,,
BAU,14,2035,Techs_He_Freight,E6TDFREHEA,,,,,,,,,,,,,,,,,19.2075,19.2075,,,,,,,,,,,
BAU,14,2036,Techs_He_Freight,E6TDFREHEA,,,,,,,,,,,,,,,,,19.6585,19.6585,,,,,,,,,,,
BAU,14,2037,Techs_He_Freight,E6TDFREHEA,,,,,,,,,,,,,,,,,20.111436,20.111436,,,,,,,,,,,
BAU,14,2038,Techs_He_Freight,E6TDFREHEA,,,,,,,,,,,,,,,,,20.5648,20.5648,,,,,,,,,,,
BAU,14,2039,Techs_He_Freight,E6TDFREHEA,,,,,,,,,,,,,,,,,21.02,21.02,,,,,,,,,,,
BAU,14,2040,Techs_He_Freight,E6TDFREHEA,,,,,,,,,,,,,,,,,21.47742,21.47742,,,,,,,,,,,
BAU,14,2041,Techs_He_Freight,E6TDFREHEA,,,,,,,,,,,,,,,,,22.010868,22.010868,,,,,,,,,,,
BAU,14,2042,Techs_He_Freight,E6TDFREHEA,,,,,,,,,,,,,,,,,22.545432,22.545432,,,,,,,,,,,
BAU,14,2043,Techs_He_Freight,E6TDFREHEA,,,,,,,,,,,,,,,,,23.082228,23.082228,,,,,,,,,,,
BAU,14,2044,Techs_He_Freight,E6TDFREHEA,,,,,,,,,,,,,,,,,23.6207,23.6207,,,,,,,,,,,
BAU,14,2045,Techs_He_Freight,E6TDFREHEA,,,,,,,,,,,,,,,,,24.1614,24.1614,,,,,,,,,,,
BAU,14,2046,Techs_He_Freight,E6TDFREHEA,,,,,,,,,,,,,,,,,24.75846,24.75846,,,,,,,,,,,
BAU,14,2047,Techs_He_Freight,E6TDFREHEA,,,,,,,,,,,,,,,,,25.356636,25.356636,,,,,,,,,,,
BAU,14,2048,Techs_He_Freight,E6TDFREHEA,,,,,,,,,,,,,,,,,25.957044,25.957044,,,,,,,,,,,
BAU,14,2049,Techs_He_Freight,E6TDFREHEA,,,,,,,,,,,,,,,,,26.559684,26.559684,,,,,,,,,,,
BAU,14,2050,Techs_He_Freight,E6TDFREHEA,,,,,,,,,,,,,,,,,27.16344,27.16344,,,,,,,,,,,
BAU,14,2051,Techs_He_Freight,E6TDFREHEA,,,,,,,,,,,,,,,,,27.7812,27.7812,,,,,,,,,,,
BAU,14,2052,Techs_He_Freight,E6TDFREHEA,,,,,,,,,,,,,,,,,28.41336,28.41336,,,,,,,,,,,
BAU,14,2053,Techs_He_Freight,E6TDFREHEA,,,,,,,,,,,,,,,,,29.059524,29.059524,,,,,,,,,,,
BAU,14,2054,Techs_He_Freight,E6TDFREHEA,,,,,,,,,,,,,,,,,29.7197,29.7197,,,,,,,,,,,
BAU,14,2055,Techs_He_Freight,E6TDFREHEA,,,,,,,,,,,,,,,,,30.3954,30.3954,,,,,,,,,,,
BAU,14,2021,Techs_Li_Freight,E6TDFRELIG,,,,,,,,,,,,,,,,,0.82491,0.82491,,,,,,,,,,,
BAU,14,2022,Techs_Li_Freight,E6TDFRELIG,,,,,,,,,,,,,,,,,0.8925,0.8925,,,,,,,,,,,
BAU,14,2023,Techs_Li_Freight,E6TDFRELIG,,,,,,,,,,,,,,,,,0.9341,0.9341,,,,,,,,,,,
BAU,14,2024,Techs_Li_Freight,E6TDFRELIG,,,,,,,,,,,,,,,,,0.952134,0.952134,,,,,,,,,,,
BAU,14,2025,Techs_Li_Freight,E6TDFRELIG,,,,,,,,,,,,,,,,,0.970548,0.970548,,,,,,,,,,,
BAU,14,2026,Techs_Li_Freight,E6TDFRELIG,,,,,,,,,,,,,,,,,0.9892,0.9892,,,,,,,,,,,
BAU,14,2027,Techs_Li_Freight,E6TDFRELIG,,,,,,,,,,,,,,,,,1.009608,1.009608,,,,,,,,,,,
BAU,14,2028,Techs_Li_Freight,E6TDFRELIG,,,,,,,,,,,,,,,,,1.03,1.03,,,,,,,,,,,
BAU,14,2029,Techs_Li_Freight,E6TDFRELIG,,,,,,,,,,,,,,,,,1.0504,1.0504,,,,,,,,,,,
BAU,14,2030,Techs_Li_Freight,E6TDFRELIG,,,,,,,,,,,,,,,,,1.071,1.071,,,,,,,,,,,
BAU,14,2031,Techs_Li_Freight,E6TDFRELIG,,,,,,,,,,,,,,,,,1.0939,1.0939,,,,,,,,,,,
BAU,14,2032,Techs_Li_Freight,E6TDFRELIG,,,,,,,,,,,,,,,,,1.116744,1.116744,,,,,,,,,,,
BAU,14,2033,Techs_Li_Freight,E6TDFRELIG,,,,,,,,,,,,,,,,,1.139622,1.139622,,,,,,,,,,,
BAU,14,2034,Techs_Li_Freight,E6TDFRELIG,,,,,,,,,,,,,,,,,1.1626,1.1626,,,,,,,,,,,
BAU,14,2035,Techs_Li_Freight,E6TDFRELIG,,,,,,,,,,,,,,,,,1.18575,1.18575,,,,,,,,,,,
BAU,14,2036,Techs_Li_Freight,E6TDFRELIG,,,,,,,,,,,,,,,,,1.2135,1.2135,,,,,,,,,,,
BAU,14,2037,Techs_Li_Freight,E6TDFRELIG,,,,,,,,,,,,,,,,,1.2414,1.2414,,,,,,,,,,,
BAU,14,2038,Techs_Li_Freight,E6TDFRELIG,,,,,,,,,,,,,,,,,1.26945,1.26945,,,,,,,,,,,
BAU,14,2039,Techs_Li_Freight,E6TDFRELIG,,,,,,,,,,,,,,,,,1.2976,1.2976,,,,,,,,,,,
BAU,14,2040,Techs_Li_Freight,E6TDFRELIG,,,,,,,,,,,,,,,,,1.325808,1.325808,,,,,,,,,,,
BAU,14,2041,Techs_Li_Freight,E6TDFRELIG,,,,,,,,,,,,,,,,,1.3587,1.3587,,,,,,,,,,,
BAU,14,2042,Techs_Li_Freight,E6TDFRELIG,,,,,,,,,,,,,,,,,1.391838,1.391838,,,,,,,,,,,
BAU,14,2043,Techs_Li_Freight,E6TDFRELIG,,,,,,,,,,,,,,,,,1.4248,1.4248,,,,,,,,,,,
BAU,14,2044,Techs_Li_Freight,E6TDFRELIG,,,,,,,,,,,,,,,,,1.458,1.458,,,,,,,,,,,
BAU,14,2045,Techs_Li_Freight,E6TDFRELIG,,,,,,,,,,,,,,,,,1.491534,1.491534,,,,,,,,,,,
BAU,14,2046,Techs_Li_Freight,E6TDFRELIG,,,,,,,,,,,,,,,,,1.528362,1.528362,,,,,,,,,,,
BAU,14,2047,Techs_Li_Freight,E6TDFRELIG,,,,,,,,,,,,,,,,,1.5652,1.5652,,,,,,,,,,,
BAU,14,2048,Techs_Li_Freight,E6TDFRELIG,,,,,,,,,,,,,,,,,1.6023,1.6023,,,,,,,,,,,
BAU,14,2049,Techs_Li_Freight,E6TDFRELIG,,,,,,,,,,,,,,,,,1.639404,1.639404,,,,,,,,,,,
BAU,14,2050,Techs_Li_Freight,E6TDFRELIG,,,,,,,,,,,,,,,,,1.6768,1.6768,,,,,,,,,,,
BAU,14,2051,Techs_Li_Freight,E6TDFRELIG,,,,,,,,,,,,,,,,,1.71492,1.71492,,,,,,,,,,,
BAU,14,2052,Techs_Li_Freight,E6TDFRELIG,,,,,,,,,,,,,,,,,1.7539,1.7539,,,,,,,,,,,
BAU,14,2053,Techs_Li_Freight,E6TDFRELIG,,,,,,,,,,,,,,,,,1.7938,1.7938,,,,,,,,,,,
BAU,14,2054,Techs_Li_Freight,E6TDFRELIG,,,,,,,,,,,,,,,,,1.834518,1.834518,,,,,,,,,,,
BAU,14,2055,Techs_Li_Freight,E6TDFRELIG,,,,,,,,,,,,,,,,,1.876368,1.876368,,,,,,,,,,,
BAU,14,2021,Techs_Maritime,E6TDPASMAR,,,,,,,,,,,,,,,,,1.0819,1.0819,,,,,,,,,,,
BAU,14,2022,Techs_Maritime,E6TDPASMAR,,,,,,,,,,,,,,,,,1.1705,1.1705,,,,,,,,,,,
BAU,14,2023,Techs_Maritime,E6TDPASMAR,,,,,,,,,,,,,,,,,1.2251,1.2251,,,,,,,,,,,
BAU,14,2024,Techs_Maritime,E6TDPASMAR,,,,,,,,,,,,,,,,,1.2486,1.2486,,,,,,,,,,,
BAU,14,2025,Techs_Maritime,E6TDPASMAR,,,,,,,,,,,,,,,,,1.2728,1.2728,,,,,,,,,,,
BAU,14,2026,Techs_Maritime,E6TDPASMAR,,,,,,,,,,,,,,,,,1.2973,1.2973,,,,,,,,,,,
BAU,14,2027,Techs_Maritime,E6TDPASMAR,,,,,,,,,,,,,,,,,1.3218,1.3218,,,,,,,,,,,
BAU,14,2028,Techs_Maritime,E6TDPASMAR,,,,,,,,,,,,,,,,,1.3463,1.3463,,,,,,,,,,,
BAU,14,2029,Techs_Maritime,E6TDPASMAR,,,,,,,,,,,,,,,,,1.3708,1.3708,,,,,,,,,,,
BAU,14,2030,Techs_Maritime,E6TDPASMAR,,,,,,,,,,,,,,,,,1.3953,1.3953,,,,,,,,,,,
BAU,14,2031,Techs_Maritime,E6TDPASMAR,,,,,,,,,,,,,,,,,1.4226,1.4226,,,,,,,,,,,
BAU,14,2032,Techs_Maritime,E6TDPASMAR,,,,,,,,,,,,,,,,,1.45,1.45,,,,,,,,,,,
BAU,14,2033,Techs_Maritime,E6TDPASMAR,,,,,,,,,,,,,,,,,1.4773,1.4773,,,,,,,,,,,
BAU,14,2034,Techs_Maritime,E6TDPASMAR,,,,,,,,,,,,,,,,,1.5046,1.5046,,,,,,,,,,,
BAU,14,2035,Techs_Maritime,E6TDPASMAR,,,,,,,,,,,,,,,,,1.5319,1.5319,,,,,,,,,,,
BAU,14,2036,Techs_Maritime,E6TDPASMAR,,,,,,,,,,,,,,,,,1.5653,1.5653,,,,,,,,,,,
BAU,14,2037,Techs_Maritime,E6TDPASMAR,,,,,,,,,,,,,,,,,1.5987,1.5987,,,,,,,,,,,
BAU,14,2038,Techs_Maritime,E6TDPASMAR,,,,,,,,,,,,,,,,,1.6321,1.6321,,,,,,,,,,,
BAU,14,2039,Techs_Maritime,E6TDPASMAR,,,,,,,,,,,,,,,,,1.6655,1.6655,,,,,,,,,,,
BAU,14,2040,Techs_Maritime,E6TDPASMAR,,,,,,,,,,,,,,,,,1.6989,1.6989,,,,,,,,,,,
BAU,14,2041,Techs_Maritime,E6TDPASMAR,,,,,,,,,,,,,,,,,1.7383,1.7383,,,,,,,,,,,
BAU,14,2042,Techs_Maritime,E6TDPASMAR,,,,,,,,,,,,,,,,,1.7777,1.7777,,,,,,,,,,,
BAU,14,2043,Techs_Maritime,E6TDPASMAR,,,,,,,,,,,,,,,,,1.817,1.817,,,,,,,,,,,
BAU,14,2044,Techs_Maritime,E6TDPASMAR,,,,,,,,,,,,,,,,,1.8564,1.8564,,,,,,,,,,,
BAU,14,2045,Techs_Maritime,E6TDPASMAR,,,,,,,,,,,,,,,,,1.8958,1.8958,,,,,,,,,,,
BAU,14,2046,Techs_Maritime,E6TDPASMAR,,,,,,,,,,,,,,,,,1.9395,1.9395,,,,,,,,,,,
BAU,14,2047,Techs_Maritime,E6TDPASMAR,,,,,,,,,,,,,,,,,1.9832,1.9832,,,,,,,,,,,
BAU,14,2048,Techs_Maritime,E6TDPASMAR,,,,,,,,,,,,,,,,,2.0269,2.0269,,,,,,,,,,,
BAU,14,2049,Techs_Maritime,E6TDPASMAR,,,,,,,,,,,,,,,,,2.0706,2.0706,,,,,,,,,,,
BAU,14,2050,Techs_Maritime,E6TDPASMAR,,,,,,,,,,,,,,,,,2.1143,2.1143,,,,,,,,,,,
BAU,14,2051,Techs_Maritime,E6TDPASMAR,,,,,,,,,,,,,,,,,2.1589,2.1589,,,,,,,,,,,
BAU,14,2052,Techs_Maritime,E6TDPASMAR,,,,,,,,,,,,,,,,,2.2045,2.2045,,,,,,,,,,,
BAU,14,2053,Techs_Maritime,E6TDPASMAR,,,,,,,,,,,,,,,,,2.251,2.251,,,,,,,,,,,
BAU,14,2054,Techs_Maritime,E6TDPASMAR,,,,,,,,,,,,,,,,,2.2985,2.2985,,,,,,,,,,,
BAU,14,2055,Techs_Maritime,E6TDPASMAR,,,,,,,,,,,,,,,,,2.347,2.347,,,,,,,,,,,
BAU,14,2021,Techs_Maritime_Freight,E6TDFREMAM,,,,,,,,,,,,,,,,,1.0819,1.0819,,,,,,,,,,,
BAU,14,2022,Techs_Maritime_Freight,E6TDFREMAM,,,,,,,,,,,,,,,,,1.1705,1.1705,,,,,,,,,,,
BAU,14,2023,Techs_Maritime_Freight,E6TDFREMAM,,,,,,,,,,,,,,,,,1.2251,1.2251,,,,,,,,,,,
BAU,14,2024,Techs_Maritime_Freight,E6TDFREMAM,,,,,,,,,,,,,,,,,1.2486,1.2486,,,,,,,,,,,
BAU,14,2025,Techs_Maritime_Freight,E6TDFREMAM,,,,,,,,,,,,,,,,,1.2728,1.2728,,,,,,,,,,,
BAU,14,2026,Techs_Maritime_Freight,E6TDFREMAM,,,,,,,,,,,,,,,,,1.2973,1.2973,,,,,,,,,,,
BAU,14,2027,Techs_Maritime_Freight,E6TDFREMAM,,,,,,,,,,,,,,,,,1.3218,1.3218,,,,,,,,,,,
BAU,14,2028,Techs_Maritime_Freight,E6TDFREMAM,,,,,,,,,,,,,,,,,1.3463,1.3463,,,,,,,,,,,
BAU,14,2029,Techs_Maritime_Freight,E6TDFREMAM,,,,,,,,,,,,,,,,,1.3708,1.3708,,,,,,,,,,,
BAU,14,2030,Techs_Maritime_Freight,E6TDFREMAM,,,,,,,,,,,,,,,,,1.3953,1.3953,,,,,,,,,,,
BAU,14,2031,Techs_Maritime_Freight,E6TDFREMAM,,,,,,,,,,,,,,,,,1.4226,1.4226,,,,,,,,,,,
BAU,14,2032,Techs_Maritime_Freight,E6TDFREMAM,,,,,,,,,,,,,,,,,1.45,1.45,,,,,,,,,,,
BAU,14,2033,Techs_Maritime_Freight,E6TDFREMAM,,,,,,,,,,,,,,,,,1.4773,1.4773,,,,,,,,,,,
BAU,14,2034,Techs_Maritime_Freight,E6TDFREMAM,,,,,,,,,,,,,,,,,1.5046,1.5046,,,,,,,,,,,
BAU,14,2035,Techs_Maritime_Freight,E6TDFREMAM,,,,,,,,,,,,,,,,,1.5319,1.5319,,,,,,,,,,,
BAU,14,2036,Techs_Maritime_Freight,E6TDFREMAM,,,,,,,,,,,,,,,,,1.5653,1.5653,,,,,,,,,,,
BAU,14,2037,Techs_Maritime_Freight,E6TDFREMAM,,,,,,,,,,,,,,,,,1.5987,1.5987,,,,,,,,,,,
BAU,14,2038,Techs_Maritime_Freight,E6TDFREMAM,,,,,,,,,,,,,,,,,1.6321,1.6321,,,,,,,,,,,
BAU,14,2039,Techs_Maritime_Freight,E6TDFREMAM,,,,,,,,,,,,,,,,,1.6655,1.6655,,,,,,,,,,,
BAU,14,2040,Techs_Maritime_Freight,E6TDFREMAM,,,,,,,,,,,,,,,,,1.6989,1.6989,,,,,,,,,,,
BAU,14,2041,Techs_Maritime_Freight,E6TDFREMAM,,,,,,,,,,,,,,,,,1.7383,1.7383,,,,,,,,,,,
BAU,14,2042,Techs_Maritime_Freight,E6TDFREMAM,,,,,,,,,,,,,,,,,1.7777,1.7777,,,,,,,,,,,
BAU,14,2043,Techs_Maritime_Freight,E6TDFREMAM,,,,,,,,,,,,,,,,,1.817,1.817,,,,,,,,,,,
BAU,14,2044,Techs_Maritime_Freight,E6TDFREMAM,,,,,,,,,,,,,,,,,1.8564,1.8564,,,,,,,,,,,
BAU,14,2045,Techs_Maritime_Freight,E6TDFREMAM,,,,,,,,,,,,,,,,,1.8958,1.8958,,,,,,,,,,,
BAU,14,2046,Techs_Maritime_Freight,E6TDFREMAM,,,,,,,,,,,,,,,,,1.9395,1.9395,,,,,,,,,,,
BAU,14,2047,Techs_Maritime_Freight,E6TDFREMAM,,,,,,,,,,,,,,,,,1.9832,1.9832,,,,,,,,,,,
BAU,14,2048,Techs_Maritime_Freight,E6TDFREMAM,,,,,,,,,,,,,,,,,2.0269,2.0269,,,,,,,,,,,
BAU,14,2049,Techs_Maritime_Freight,E6TDFREMAM,,,,,,,,,,,,,,,,,2.0706,2.0706,,,,,,,,,,,
BAU,14,2050,Techs_Maritime_Freight,E6TDFREMAM,,,,,,,,,,,,,,,,,2.1143,2.1143,,,,,,,,,,,
BAU,14,2051,Techs_Maritime_Freight,E6TDFREMAM,,,,,,,,,,,,,,,,,2.1589,2.1589,,,,,,,,,,,
BAU,14,2052,Techs_Maritime_Freight,E6TDFREMAM,,,,,,,,,,,,,,,,,2.2045,2.2045,,,,,,,,,,,
BAU,14,2053,Techs_Maritime_Freight,E6TDFREMAM,,,,,,,,,,,,,,,,,2.251,2.251,,,,,,,,,,,
BAU,14,2054,Techs_Maritime_Freight,E6TDFREMAM,,,,,,,,,,,,,,,,,2.2985,2.2985,,,,,,,,,,,
BAU,14,2055,Techs_Maritime_Freight,E6TDFREMAM,,,,,,,,,,,,,,,,,2.347,2.347,,,,,,,,,,,
BAU,14,2021,Techs_Aviation,E6TDPASAVI,,,,,,,,,,,,,,,,,1.0819,1.0819,,,,,,,,,,,
BAU,14,2022,Techs_Aviation,E6TDPASAVI,,,,,,,,,,,,,,,,,1.1705,1.1705,,,,,,,,,,,
BAU,14,2023,Techs_Aviation,E6TDPASAVI,,,,,,,,,,,,,,,,,1.2251,1.2251,,,,,,,,,,,
BAU,14,2024,Techs_Aviation,E6TDPASAVI,,,,,,,,,,,,,,,,,1.2486,1.2486,,,,,,,,,,,
BAU,14,2025,Techs_Aviation,E6TDPASAVI,,,,,,,,,,,,,,,,,1.2728,1.2728,,,,,,,,,,,
BAU,14,2026,Techs_Aviation,E6TDPASAVI,,,,,,,,,,,,,,,,,1.2973,1.2973,,,,,,,,,,,
BAU,14,2027,Techs_Aviation,E6TDPASAVI,,,,,,,,,,,,,,,,,1.3218,1.3218,,,,,,,,,,,
BAU,14,2028,Techs_Aviation,E6TDPASAVI,,,,,,,,,,,,,,,,,1.3463,1.3463,,,,,,,,,,,
BAU,14,2029,Techs_Aviation,E6TDPASAVI,,,,,,,,,,,,,,,,,1.3708,1.3708,,,,,,,,,,,
BAU,14,2030,Techs_Aviation,E6TDPASAVI,,,,,,,,,,,,,,,,,1.3953,1.3953,,,,,,,,,,,
BAU,14,2031,Techs_Aviation,E6TDPASAVI,,,,,,,,,,,,,,,,,1.4226,1.4226,,,,,,,,,,,
BAU,14,2032,Techs_Aviation,E6TDPASAVI,,,,,,,,,,,,,,,,,1.45,1.45,,,,,,,,,,,
BAU,14,2033,Techs_Aviation,E6TDPASAVI,,,,,,,,,,,,,,,,,1.4773,1.4773,,,,,,,,,,,
BAU,14,2034,Techs_Aviation,E6TDPASAVI,,,,,,,,,,,,,,,,,1.5046,1.5046,,,,,,,,,,,
BAU,14,2035,Techs_Aviation,E6TDPASAVI,,,,,,,,,,,,,,,,,1.5319,1.5319,,,,,,,,,,,
BAU,14,2036,Techs_Aviation,E6TDPASAVI,,,,,,,,,,,,,,,,,1.5653,1.5653,,,,,,,,,,,
BAU,14,2037,Techs_Aviation,E6TDPASAVI,,,,,,,,,,,,,,,,,1.5987,1.5987,,,,,,,,,,,
BAU,14,2038,Techs_Aviation,E6TDPASAVI,,,,,,,,,,,,,,,,,1.6321,1.6321,,,,,,,,,,,
BAU,14,2039,Techs_Aviation,E6TDPASAVI,,,,,,,,,,,,,,,,,1.6655,1.6655,,,,,,,,,,,
BAU,14,2040,Techs_Aviation,E6TDPASAVI,,,,,,,,,,,,,,,,,1.6989,1.6989,,,,,,,,,,,
BAU,14,2041,Techs_Aviation,E6TDPASAVI,,,,,,,,,,,,,,,,,1.7383,1.7383,,,,,,,,,,,
BAU,14,2042,Techs_Aviation,E6TDPASAVI,,,,,,,,,,,,,,,,,1.7777,1.7777,,,,,,,,,,,
BAU,14,2043,Techs_Aviation,E6TDPASAVI,,,,,,,,,,,,,,,,,1.817,1.817,,,,,,,,,,,
BAU,14,2044,Techs_Aviation,E6TDPASAVI,,,,,,,,,,,,,,,,,1.8564,1.8564,,,,,,,,,,,
BAU,14,2045,Techs_Aviation,E6TDPASAVI,,,,,,,,,,,,,,,,,1.8958,1.8958,,,,,,,,,,,
BAU,14,2046,Techs_Aviation,E6TDPASAVI,,,,,,,,,,,,,,,,,1.9395,1.9395,,,,,,,,,,,
BAU,14,2047,Techs_Aviation,E6TDPASAVI,,,,,,,,,,,,,,,,,1.9832,1.9832,,,,,,,,,,,
BAU,14,2048,Techs_Aviation,E6TDPASAVI,,,,,,,,,,,,,,,,,2.0269,2.0269,,,,,,,,,,,
BAU,14,2049,Techs_Aviation,E6TDPASAVI,,,,,,,,,,,,,,,,,2.0706,2.0706,,,,,,,,,,,
BAU,14,2050,Techs_Aviation,E6TDPASAVI,,,,,,,,,,,,,,,,,2.1143,2.1143,,,,,,,,,,,
BAU,14,2051,Techs_Aviation,E6TDPASAVI,,,,,,,,,,,,,,,,,2.1589,2.1589,,,,,,,,,,,
BAU,14,2052,Techs_Aviation,E6TDPASAVI,,,,,,,,,,,,,,,,,2.2045,2.2045,,,,,,,,,,,
BAU,14,2053,Techs_Aviation,E6TDPASAVI,,,,,,,,,,,,,,,,,2.251,2.251,,,,,,,,,,,
BAU,14,2054,Techs_Aviation,E6TDPASAVI,,,,,,,,,,,,,,,,,2.2985,2.2985,,,,,,,,,,,
BAU,14,2055,Techs_Aviation,E6TDPASAVI,,,,,,,,,,,,,,,,,2.347,2.347,,,,,,,,,,,
BAU,14,2021,T4DSL_PRI,E1DSL,,,,,,,,,,,,,,,,,,,,,,,,0.40072032,,,,,
BAU,14,2022,T4DSL_PRI,E1DSL,,,,,,,,,,,,,,,,,,,,,,,,0.44540496,,,,,
BAU,14,2023,T4DSL_PRI,E1DSL,,,,,,,,,,,,,,,,,,,,,,,,0.46594548,,,,,
BAU,14,2024,T4DSL_PRI,E1DSL,,,,,,,,,,,,,,,,,,,,,,,,0.47531484,,,,,
BAU,14,2025,T4DSL_PRI,E1DSL,,,,,,,,,,,,,,,,,,,,,,,,0.48432384,,,,,
BAU,14,2026,T4DSL_PRI,E1DSL,,,,,,,,,,,,,,,,,,,,,,,,0.52576524,,,,,
BAU,14,2027,T4DSL_PRI,E1DSL,,,,,,,,,,,,,,,,,,,,,,,,0.5616312,,,,,
BAU,14,2028,T4DSL_PRI,E1DSL,,,,,,,,,,,,,,,,,,,,,,,,0.59670912,,,,,
BAU,14,2029,T4DSL_PRI,E1DSL,,,,,,,,,,,,,,,,,,,,,,,,0.63926586,,,,,
BAU,14,2030,T4DSL_PRI,E1DSL,,,,,,,,,,,,,,,,,,,,,,,,0.686049,,,,,
BAU,14,2031,T4DSL_PRI,E1DSL,,,,,,,,,,,,,,,,,,,,,,,,0.73491483,,,,,
BAU,14,2032,T4DSL_PRI,E1DSL,,,,,,,,,,,,,,,,,,,,,,,,0.78510103,,,,,
BAU,14,2033,T4DSL_PRI,E1DSL,,,,,,,,,,,,,,,,,,,,,,,,0.83590665,,,,,
BAU,14,2034,T4DSL_PRI,E1DSL,,,,,,,,,,,,,,,,,,,,,,,,0.88804495,,,,,
BAU,14,2035,T4DSL_PRI,E1DSL,,,,,,,,,,,,,,,,,,,,,,,,0.94151185,,,,,
BAU,14,2036,T4DSL_PRI,E1DSL,,,,,,,,,,,,,,,,,,,,,,,,0.999516,,,,,
BAU,14,2037,T4DSL_PRI,E1DSL,,,,,,,,,,,,,,,,,,,,,,,,1.1037698,,,,,
BAU,14,2038,T4DSL_PRI,E1DSL,,,,,,,,,,,,,,,,,,,,,,,,1.1657809,,,,,
BAU,14,2039,T4DSL_PRI,E1DSL,,,,,,,,,,,,,,,,,,,,,,,,1.228062,,,,,
BAU,14,2040,T4DSL_PRI,E1DSL,,,,,,,,,,,,,,,,,,,,,,,,1.2923231,,,,,
BAU,14,2041,T4DSL_PRI,E1DSL,,,,,,,,,,,,,,,,,,,,,,,,1.3102726,,,,,
BAU,14,2042,T4DSL_PRI,E1DSL,,,,,,,,,,,,,,,,,,,,,,,,1.3271207,,,,,
BAU,14,2043,T4DSL_PRI,E1DSL,,,,,,,,,,,,,,,,,,,,,,,,1.3446432,,,,,
BAU,14,2044,T4DSL_PRI,E1DSL,,,,,,,,,,,,,,,,,,,,,,,,1.3610669,,,,,
BAU,14,2045,T4DSL_PRI,E1DSL,,,,,,,,,,,,,,,,,,,,,,,,1.3774566,,,,,
BAU,14,2046,T4DSL_PRI,E1DSL,,,,,,,,,,,,,,,,,,,,,,,,1.3991161,,,,,
BAU,14,2047,T4DSL_PRI,E1DSL,,,,,,,,,,,,,,,,,,,,,,,,1.4270896,,,,,
BAU,14,2048,T4DSL_PRI,E1DSL,,,,,,,,,,,,,,,,,,,,,,,,1.454695,,,,,
BAU,14,2049,T4DSL_PRI,E1DSL,,,,,,,,,,,,,,,,,,,,,,,,1.4825568,,,,,
BAU,14,2050,T4DSL_PRI,E1DSL,,,,,,,,,,,,,,,,,,,,,,,,1.5103622,,,,,
BAU,14,2051,T4DSL_PRI,E1DSL,,,,,,,,,,,,,,,,,,,,,,,,1.535648,,,,,
BAU,14,2052,T4DSL_PRI,E1DSL,,,,,,,,,,,,,,,,,,,,,,,,1.5619367,,,,,
BAU,14,2053,T4DSL_PRI,E1DSL,,,,,,,,,,,,,,,,,,,,,,,,1.5881716,,,,,
BAU,14,2054,T4DSL_PRI,E1DSL,,,,,,,,,,,,,,,,,,,,,,,,1.6150546,,,,,
BAU,14,2055,T4DSL_PRI,E1DSL,,,,,,,,,,,,,,,,,,,,,,,,1.6425836,,,,,
BAU,14,2021,T4GSL_PRI,E1GSL,,,,,,,,,,,,,,,,,,,,,,,,17.143098,,,,,
BAU,14,2022,T4GSL_PRI,E1GSL,,,,,,,,,,,,,,,,,,,,,,,,18.534601,,,,,
BAU,14,2023,T4GSL_PRI,E1GSL,,,,,,,,,,,,,,,,,,,,,,,,19.399787,,,,,
BAU,14,2024,T4GSL_PRI,E1GSL,,,,,,,,,,,,,,,,,,,,,,,,19.771476,,,,,
BAU,14,2025,T4GSL_PRI,E1GSL,,,,,,,,,,,,,,,,,,,,,,,,20.154526,,,,,
BAU,14,2026,T4GSL_PRI,E1GSL,,,,,,,,,,,,,,,,,,,,,,,,20.466993,,,,,
BAU,14,2027,T4GSL_PRI,E1GSL,,,,,,,,,,,,,,,,,,,,,,,,20.703068,,,,,
BAU,14,2028,T4GSL_PRI,E1GSL,,,,,,,,,,,,,,,,,,,,,,,,20.935407,,,,,
BAU,14,2029,T4GSL_PRI,E1GSL,,,,,,,,,,,,,,,,,,,,,,,,21.156552,,,,,
BAU,14,2030,T4GSL_PRI,E1GSL,,,,,,,,,,,,,,,,,,,,,,,,21.368632,,,,,
BAU,14,2031,T4GSL_PRI,E1GSL,,,,,,,,,,,,,,,,,,,,,,,,21.607399,,,,,
BAU,14,2032,T4GSL_PRI,E1GSL,,,,,,,,,,,,,,,,,,,,,,,,21.83979,,,,,
BAU,14,2033,T4GSL_PRI,E1GSL,,,,,,,,,,,,,,,,,,,,,,,,22.067055,,,,,
BAU,14,2034,T4GSL_PRI,E1GSL,,,,,,,,,,,,,,,,,,,,,,,,22.287181,,,,,
BAU,14,2035,T4GSL_PRI,E1GSL,,,,,,,,,,,,,,,,,,,,,,,,22.502481,,,,,
BAU,14,2036,T4GSL_PRI,E1GSL,,,,,,,,,,,,,,,,,,,,,,,,22.799405,,,,,
BAU,14,2037,T4GSL_PRI,E1GSL,,,,,,,,,,,,,,,,,,,,,,,,23.043024,,,,,
BAU,14,2038,T4GSL_PRI,E1GSL,,,,,,,,,,,,,,,,,,,,,,,,23.325,,,,,
BAU,14,2039,T4GSL_PRI,E1GSL,,,,,,,,,,,,,,,,,,,,,,,,23.600515,,,,,
BAU,14,2040,T4GSL_PRI,E1GSL,,,,,,,,,,,,,,,,,,,,,,,,23.867381,,,,,
BAU,14,2041,T4GSL_PRI,E1GSL,,,,,,,,,,,,,,,,,,,,,,,,24.265272,,,,,
BAU,14,2042,T4GSL_PRI,E1GSL,,,,,,,,,,,,,,,,,,,,,,,,24.656996,,,,,
BAU,14,2043,T4GSL_PRI,E1GSL,,,,,,,,,,,,,,,,,,,,,,,,25.040805,,,,,
BAU,14,2044,T4GSL_PRI,E1GSL,,,,,,,,,,,,,,,,,,,,,,,,25.419212,,,,,
BAU,14,2045,T4GSL_PRI,E1GSL,,,,,,,,,,,,,,,,,,,,,,,,25.791545,,,,,
BAU,14,2046,T4GSL_PRI,E1GSL,,,,,,,,,,,,,,,,,,,,,,,,26.215005,,,,,
BAU,14,2047,T4GSL_PRI,E1GSL,,,,,,,,,,,,,,,,,,,,,,,,26.631964,,,,,
BAU,14,2048,T4GSL_PRI,E1GSL,,,,,,,,,,,,,,,,,,,,,,,,27.042182,,,,,
BAU,14,2049,T4GSL_PRI,E1GSL,,,,,,,,,,,,,,,,,,,,,,,,27.445063,,,,,
BAU,14,2050,T4GSL_PRI,E1GSL,,,,,,,,,,,,,,,,,,,,,,,,27.843602,,,,,
BAU,14,2051,T4GSL_PRI,E1GSL,,,,,,,,,,,,,,,,,,,,,,,,28.315718,,,,,
BAU,14,2052,T4GSL_PRI,E1GSL,,,,,,,,,,,,,,,,,,,,,,,,28.7969,,,,,
BAU,14,2053,T4GSL_PRI,E1GSL,,,,,,,,,,,,,,,,,,,,,,,,29.285702,,,,,
BAU,14,2054,T4GSL_PRI,E1GSL,,,,,,,,,,,,,,,,,,,,,,,,29.781988,,,,,
BAU,14,2055,T4GSL_PRI,E1GSL,,,,,,,,,,,,,,,,,,,,,,,,30.286679,,,,,
BAU,14,2026,T4ELE_PRI,E1ELE,,,,,,,,,,,,,,,,,,,,,,,,0.005796,,,,,
BAU,14,2027,T4ELE_PRI,E1ELE,,,,,,,,,,,,,,,,,,,,,,,,0.01180518,,,,,
BAU,14,2028,T4ELE_PRI,E1ELE,,,,,,,,,,,,,,,,,,,,,,,,0.01817012,,,,,
BAU,14,2029,T4ELE_PRI,E1ELE,,,,,,,,,,,,,,,,,,,,,,,,0.02475851,,,,,
BAU,14,2030,T4ELE_PRI,E1ELE,,,,,,,,,,,,,,,,,,,,,,,,0.03180123,,,,,
BAU,14,2031,T4ELE_PRI,E1ELE,,,,,,,,,,,,,,,,,,,,,,,,0.04080649,,,,,
BAU,14,2032,T4ELE_PRI,E1ELE,,,,,,,,,,,,,,,,,,,,,,,,0.05028562,,,,,
BAU,14,2033,T4ELE_PRI,E1ELE,,,,,,,,,,,,,,,,,,,,,,,,0.06018466,,,,,
BAU,14,2034,T4ELE_PRI,E1ELE,,,,,,,,,,,,,,,,,,,,,,,,0.07061946,,,,,
BAU,14,2035,T4ELE_PRI,E1ELE,,,,,,,,,,,,,,,,,,,,,,,,0.08138975,,,,,
BAU,14,2036,T4ELE_PRI,E1ELE,,,,,,,,,,,,,,,,,,,,,,,,0.09321286,,,,,
BAU,14,2037,T4ELE_PRI,E1ELE,,,,,,,,,,,,,,,,,,,,,,,,0.1054734,,,,,
BAU,14,2038,T4ELE_PRI,E1ELE,,,,,,,,,,,,,,,,,,,,,,,,0.11816082,,,,,
BAU,14,2039,T4ELE_PRI,E1ELE,,,,,,,,,,,,,,,,,,,,,,,,0.13149376,,,,,
BAU,14,2040,T4ELE_PRI,E1ELE,,,,,,,,,,,,,,,,,,,,,,,,0.14542364,,,,,
BAU,14,2041,T4ELE_PRI,E1ELE,,,,,,,,,,,,,,,,,,,,,,,,0.16041261,,,,,
BAU,14,2042,T4ELE_PRI,E1ELE,,,,,,,,,,,,,,,,,,,,,,,,0.17615005,,,,,
BAU,14,2043,T4ELE_PRI,E1ELE,,,,,,,,,,,,,,,,,,,,,,,,0.19240179,,,,,
BAU,14,2044,T4ELE_PRI,E1ELE,,,,,,,,,,,,,,,,,,,,,,,,0.2094229,,,,,
BAU,14,2045,T4ELE_PRI,E1ELE,,,,,,,,,,,,,,,,,,,,,,,,0.22705544,,,,,
BAU,14,2046,T4ELE_PRI,E1ELE,,,,,,,,,,,,,,,,,,,,,,,,0.24566308,,,,,
BAU,14,2047,T4ELE_PRI,E1ELE,,,,,,,,,,,,,,,,,,,,,,,,0.26525968,,,,,
BAU,14,2048,T4ELE_PRI,E1ELE,,,,,,,,,,,,,,,,,,,,,,,,0.28564841,,,,,
BAU,14,2049,T4ELE_PRI,E1ELE,,,,,,,,,,,,,,,,,,,,,,,,0.30688274,,,,,
BAU,14,2050,T4ELE_PRI,E1ELE,,,,,,,,,,,,,,,,,,,,,,,,0.32850171,,,,,
BAU,14,2051,T4ELE_PRI,E1ELE,,,,,,,,,,,,,,,,,,,,,,,,0.33730545,,,,,
BAU,14,2052,T4ELE_PRI,E1ELE,,,,,,,,,,,,,,,,,,,,,,,,0.346197,,,,,
BAU,14,2053,T4ELE_PRI,E1ELE,,,,,,,,,,,,,,,,,,,,,,,,0.3554088,,,,,
BAU,14,2054,T4ELE_PRI,E1ELE,,,,,,,,,,,,,,,,,,,,,,,,0.3647777,,,,,
BAU,14,2055,T4ELE_PRI,E1ELE,,,,,,,,,,,,,,,,,,,,,,,,0.374357,,,,,
BAU,14,2021,T4GSL_PUB,E1GSL,,,,,,,,,,,,,,,,,,,,,,,,2.8633138,,,,,
BAU,14,2022,T4GSL_PUB,E1GSL,,,,,,,,,,,,,,,,,,,,,,,,3.0982126,,,,,
BAU,14,2023,T4GSL_PUB,E1GSL,,,,,,,,,,,,,,,,,,,,,,,,3.2423468,,,,,
BAU,14,2024,T4GSL_PUB,E1GSL,,,,,,,,,,,,,,,,,,,,,,,,3.305241,,,,,
BAU,14,2025,T4GSL_PUB,E1GSL,,,,,,,,,,,,,,,,,,,,,,,,3.3690796,,,,,
BAU,14,2026,T4GSL_PUB,E1GSL,,,,,,,,,,,,,,,,,,,,,,,,3.4266288,,,,,
BAU,14,2027,T4GSL_PUB,E1GSL,,,,,,,,,,,,,,,,,,,,,,,,3.4676678,,,,,
BAU,14,2028,T4GSL_PUB,E1GSL,,,,,,,,,,,,,,,,,,,,,,,,3.5107236,,,,,
BAU,14,2029,T4GSL_PUB,E1GSL,,,,,,,,,,,,,,,,,,,,,,,,3.5537986,,,,,
BAU,14,2030,T4GSL_PUB,E1GSL,,,,,,,,,,,,,,,,,,,,,,,,3.5961466,,,,,
BAU,14,2031,T4GSL_PUB,E1GSL,,,,,,,,,,,,,,,,,,,,,,,,3.6422379,,,,,
BAU,14,2032,T4GSL_PUB,E1GSL,,,,,,,,,,,,,,,,,,,,,,,,3.6889113,,,,,
BAU,14,2033,T4GSL_PUB,E1GSL,,,,,,,,,,,,,,,,,,,,,,,,3.7337291,,,,,
BAU,14,2034,T4GSL_PUB,E1GSL,,,,,,,,,,,,,,,,,,,,,,,,3.7783007,,,,,
BAU,14,2035,T4GSL_PUB,E1GSL,,,,,,,,,,,,,,,,,,,,,,,,3.821442,,,,,
BAU,14,2036,T4GSL_PUB,E1GSL,,,,,,,,,,,,,,,,,,,,,,,,3.8799025,,,,,
BAU,14,2037,T4GSL_PUB,E1GSL,,,,,,,,,,,,,,,,,,,,,,,,3.9363752,,,,,
BAU,14,2038,T4GSL_PUB,E1GSL,,,,,,,,,,,,,,,,,,,,,,,,3.99196,,,,,
BAU,14,2039,T4GSL_PUB,E1GSL,,,,,,,,,,,,,,,,,,,,,,,,4.0479891,,,,,
BAU,14,2040,T4GSL_PUB,E1GSL,,,,,,,,,,,,,,,,,,,,,,,,4.1017365,,,,,
BAU,14,2041,T4GSL_PUB,E1GSL,,,,,,,,,,,,,,,,,,,,,,,,4.1710513,,,,,
BAU,14,2042,T4GSL_PUB,E1GSL,,,,,,,,,,,,,,,,,,,,,,,,4.239601,,,,,
BAU,14,2043,T4GSL_PUB,E1GSL,,,,,,,,,,,,,,,,,,,,,,,,4.3067275,,,,,
BAU,14,2044,T4GSL_PUB,E1GSL,,,,,,,,,,,,,,,,,,,,,,,,4.373475,,,,,
BAU,14,2045,T4GSL_PUB,E1GSL,,,,,,,,,,,,,,,,,,,,,,,,4.4392399,,,,,
BAU,14,2046,T4GSL_PUB,E1GSL,,,,,,,,,,,,,,,,,,,,,,,,4.5127177,,,,,
BAU,14,2047,T4GSL_PUB,E1GSL,,,,,,,,,,,,,,,,,,,,,,,,4.5861461,,,,,
BAU,14,2048,T4GSL_PUB,E1GSL,,,,,,,,,,,,,,,,,,,,,,,,4.6576559,,,,,
BAU,14,2049,T4GSL_PUB,E1GSL,,,,,,,,,,,,,,,,,,,,,,,,4.7282849,,,,,
BAU,14,2050,T4GSL_PUB,E1GSL,,,,,,,,,,,,,,,,,,,,,,,,4.7980317,,,,,
BAU,14,2051,T4GSL_PUB,E1GSL,,,,,,,,,,,,,,,,,,,,,,,,4.8801808,,,,,
BAU,14,2052,T4GSL_PUB,E1GSL,,,,,,,,,,,,,,,,,,,,,,,,4.9629484,,,,,
BAU,14,2053,T4GSL_PUB,E1GSL,,,,,,,,,,,,,,,,,,,,,,,,5.0469715,,,,,
BAU,14,2054,T4GSL_PUB,E1GSL,,,,,,,,,,,,,,,,,,,,,,,,5.132426,,,,,
BAU,14,2055,T4GSL_PUB,E1GSL,,,,,,,,,,,,,,,,,,,,,,,,5.2193309,,,,,
BAU,14,2026,T4ELE_PUB,E1ELE,,,,,,,,,,,,,,,,,,,,,,,,0.0024516,,,,,
BAU,14,2027,T4ELE_PUB,E1ELE,,,,,,,,,,,,,,,,,,,,,,,,0.00445044,,,,,
BAU,14,2028,T4ELE_PUB,E1ELE,,,,,,,,,,,,,,,,,,,,,,,,0.00704326,,,,,
BAU,14,2029,T4ELE_PUB,E1ELE,,,,,,,,,,,,,,,,,,,,,,,,0.01009789,,,,,
BAU,14,2030,T4ELE_PUB,E1ELE,,,,,,,,,,,,,,,,,,,,,,,,0.01288528,,,,,
BAU,14,2031,T4ELE_PUB,E1ELE,,,,,,,,,,,,,,,,,,,,,,,,0.01654779,,,,,
BAU,14,2032,T4ELE_PUB,E1ELE,,,,,,,,,,,,,,,,,,,,,,,,0.02032491,,,,,
BAU,14,2033,T4ELE_PUB,E1ELE,,,,,,,,,,,,,,,,,,,,,,,,0.02421615,,,,,
BAU,14,2034,T4ELE_PUB,E1ELE,,,,,,,,,,,,,,,,,,,,,,,,0.02811265,,,,,
BAU,14,2035,T4ELE_PUB,E1ELE,,,,,,,,,,,,,,,,,,,,,,,,0.03278929,,,,,
BAU,14,2036,T4ELE_PUB,E1ELE,,,,,,,,,,,,,,,,,,,,,,,,0.03704176,,,,,
BAU,14,2037,T4ELE_PUB,E1ELE,,,,,,,,,,,,,,,,,,,,,,,,0.04206376,,,,,
BAU,14,2038,T4ELE_PUB,E1ELE,,,,,,,,,,,,,,,,,,,,,,,,0.04709935,,,,,
BAU,14,2039,T4ELE_PUB,E1ELE,,,,,,,,,,,,,,,,,,,,,,,,0.05234574,,,,,
BAU,14,2040,T4ELE_PUB,E1ELE,,,,,,,,,,,,,,,,,,,,,,,,0.05839654,,,,,
BAU,14,2041,T4ELE_PUB,E1ELE,,,,,,,,,,,,,,,,,,,,,,,,0.06389436,,,,,
BAU,14,2042,T4ELE_PUB,E1ELE,,,,,,,,,,,,,,,,,,,,,,,,0.07033375,,,,,
BAU,14,2043,T4ELE_PUB,E1ELE,,,,,,,,,,,,,,,,,,,,,,,,0.07692128,,,,,
BAU,14,2044,T4ELE_PUB,E1ELE,,,,,,,,,,,,,,,,,,,,,,,,0.08371754,,,,,
BAU,14,2045,T4ELE_PUB,E1ELE,,,,,,,,,,,,,,,,,,,,,,,,0.09049921,,,,,
BAU,14,2046,T4ELE_PUB,E1ELE,,,,,,,,,,,,,,,,,,,,,,,,0.09770781,,,,,
BAU,14,2047,T4ELE_PUB,E1ELE,,,,,,,,,,,,,,,,,,,,,,,,0.1055091,,,,,
BAU,14,2048,T4ELE_PUB,E1ELE,,,,,,,,,,,,,,,,,,,,,,,,0.11376455,,,,,
BAU,14,2049,T4ELE_PUB,E1ELE,,,,,,,,,,,,,,,,,,,,,,,,0.12152332,,,,,
BAU,14,2050,T4ELE_PUB,E1ELE,,,,,,,,,,,,,,,,,,,,,,,,0.1301304,,,,,
BAU,14,2051,T4ELE_PUB,E1ELE,,,,,,,,,,,,,,,,,,,,,,,,0.13342491,,,,,
BAU,14,2052,T4ELE_PUB,E1ELE,,,,,,,,,,,,,,,,,,,,,,,,0.13754098,,,,,
BAU,14,2053,T4ELE_PUB,E1ELE,,,,,,,,,,,,,,,,,,,,,,,,0.14032092,,,,,
BAU,14,2054,T4ELE_PUB,E1ELE,,,,,,,,,,,,,,,,,,,,,,,,0.14453476,,,,,
BAU,14,2055,T4ELE_PUB,E1ELE,,,,,,,,,,,,,,,,,,,,,,,,0.14861123,,,,,
BAU,14,2021,T4DSL_PUB,E1DSL,,,,,,,,,,,,,,,,,,,,,,,,0.46112729,,,,,
BAU,14,2022,T4DSL_PUB,E1DSL,,,,,,,,,,,,,,,,,,,,,,,,0.49866753,,,,,
BAU,14,2023,T4DSL_PUB,E1DSL,,,,,,,,,,,,,,,,,,,,,,,,0.52223002,,,,,
BAU,14,2024,T4DSL_PUB,E1DSL,,,,,,,,,,,,,,,,,,,,,,,,0.5318943,,,,,
BAU,14,2025,T4DSL_PUB,E1DSL,,,,,,,,,,,,,,,,,,,,,,,,0.54257904,,,,,
BAU,14,2026,T4DSL_PUB,E1DSL,,,,,,,,,,,,,,,,,,,,,,,,0.55167296,,,,,
BAU,14,2027,T4DSL_PUB,E1DSL,,,,,,,,,,,,,,,,,,,,,,,,0.56327337,,,,,
BAU,14,2028,T4DSL_PUB,E1DSL,,,,,,,,,,,,,,,,,,,,,,,,0.57092238,,,,,
BAU,14,2029,T4DSL_PUB,E1DSL,,,,,,,,,,,,,,,,,,,,,,,,0.577618,,,,,
BAU,14,2030,T4DSL_PUB,E1DSL,,,,,,,,,,,,,,,,,,,,,,,,0.58464057,,,,,
BAU,14,2031,T4DSL_PUB,E1DSL,,,,,,,,,,,,,,,,,,,,,,,,0.59276366,,,,,
BAU,14,2032,T4DSL_PUB,E1DSL,,,,,,,,,,,,,,,,,,,,,,,,0.60057214,,,,,
BAU,14,2033,T4DSL_PUB,E1DSL,,,,,,,,,,,,,,,,,,,,,,,,0.60896209,,,,,
BAU,14,2034,T4DSL_PUB,E1DSL,,,,,,,,,,,,,,,,,,,,,,,,0.61621978,,,,,
BAU,14,2035,T4DSL_PUB,E1DSL,,,,,,,,,,,,,,,,,,,,,,,,0.62408169,,,,,
BAU,14,2036,T4DSL_PUB,E1DSL,,,,,,,,,,,,,,,,,,,,,,,,0.63377476,,,,,
BAU,14,2037,T4DSL_PUB,E1DSL,,,,,,,,,,,,,,,,,,,,,,,,0.64361212,,,,,
BAU,14,2038,T4DSL_PUB,E1DSL,,,,,,,,,,,,,,,,,,,,,,,,0.65331164,,,,,
BAU,14,2039,T4DSL_PUB,E1DSL,,,,,,,,,,,,,,,,,,,,,,,,0.6627222,,,,,
BAU,14,2040,T4DSL_PUB,E1DSL,,,,,,,,,,,,,,,,,,,,,,,,0.67097759,,,,,
BAU,14,2041,T4DSL_PUB,E1DSL,,,,,,,,,,,,,,,,,,,,,,,,0.68094887,,,,,
BAU,14,2042,T4DSL_PUB,E1DSL,,,,,,,,,,,,,,,,,,,,,,,,0.68918708,,,,,
BAU,14,2043,T4DSL_PUB,E1DSL,,,,,,,,,,,,,,,,,,,,,,,,0.6982052,,,,,
BAU,14,2044,T4DSL_PUB,E1DSL,,,,,,,,,,,,,,,,,,,,,,,,0.70566585,,,,,
BAU,14,2045,T4DSL_PUB,E1DSL,,,,,,,,,,,,,,,,,,,,,,,,0.71398364,,,,,
BAU,14,2046,T4DSL_PUB,E1DSL,,,,,,,,,,,,,,,,,,,,,,,,0.72550972,,,,,
BAU,14,2047,T4DSL_PUB,E1DSL,,,,,,,,,,,,,,,,,,,,,,,,0.7391469,,,,,
BAU,14,2048,T4DSL_PUB,E1DSL,,,,,,,,,,,,,,,,,,,,,,,,0.75338668,,,,,
BAU,14,2049,T4DSL_PUB,E1DSL,,,,,,,,,,,,,,,,,,,,,,,,0.76836641,,,,,
BAU,14,2050,T4DSL_PUB,E1DSL,,,,,,,,,,,,,,,,,,,,,,,,0.78193016,,,,,
BAU,14,2051,T4DSL_PUB,E1DSL,,,,,,,,,,,,,,,,,,,,,,,,0.79686331,,,,,
BAU,14,2052,T4DSL_PUB,E1DSL,,,,,,,,,,,,,,,,,,,,,,,,0.80912538,,,,,
BAU,14,2053,T4DSL_PUB,E1DSL,,,,,,,,,,,,,,,,,,,,,,,,0.8239998,,,,,
BAU,14,2054,T4DSL_PUB,E1DSL,,,,,,,,,,,,,,,,,,,,,,,,0.83682454,,,,,
BAU,14,2055,T4DSL_PUB,E1DSL,,,,,,,,,,,,,,,,,,,,,,,,0.85025043,,,,,
BAU,14,2021,T4DSL_HEA,E1DSL,,,,,,,,,,,,,,,,,,,,,,,,7.5281836,,,,,
BAU,14,2022,T4DSL_HEA,E1DSL,,,,,,,,,,,,,,,,,,,,,,,,8.144768,,,,,
BAU,14,2023,T4DSL_HEA,E1DSL,,,,,,,,,,,,,,,,,,,,,,,,8.5246451,,,,,
BAU,14,2024,T4DSL_HEA,E1DSL,,,,,,,,,,,,,,,,,,,,,,,,8.688813,,,,,
BAU,14,2025,T4DSL_HEA,E1DSL,,,,,,,,,,,,,,,,,,,,,,,,8.8567989,,,,,
BAU,14,2026,T4DSL_HEA,E1DSL,,,,,,,,,,,,,,,,,,,,,,,,8.9427007,,,,,
BAU,14,2027,T4DSL_HEA,E1DSL,,,,,,,,,,,,,,,,,,,,,,,,8.9412611,,,,,
BAU,14,2028,T4DSL_HEA,E1DSL,,,,,,,,,,,,,,,,,,,,,,,,9.0268184,,,,,
BAU,14,2029,T4DSL_HEA,E1DSL,,,,,,,,,,,,,,,,,,,,,,,,9.1091691,,,,,
BAU,14,2030,T4DSL_HEA,E1DSL,,,,,,,,,,,,,,,,,,,,,,,,9.1886704,,,,,
BAU,14,2031,T4DSL_HEA,E1DSL,,,,,,,,,,,,,,,,,,,,,,,,9.2832046,,,,,
BAU,14,2032,T4DSL_HEA,E1DSL,,,,,,,,,,,,,,,,,,,,,,,,9.3743795,,,,,
BAU,14,2033,T4DSL_HEA,E1DSL,,,,,,,,,,,,,,,,,,,,,,,,9.46094,,,,,
BAU,14,2034,T4DSL_HEA,E1DSL,,,,,,,,,,,,,,,,,,,,,,,,9.5454248,,,,,
BAU,14,2035,T4DSL_HEA,E1DSL,,,,,,,,,,,,,,,,,,,,,,,,9.626099,,,,,
BAU,14,2036,T4DSL_HEA,E1DSL,,,,,,,,,,,,,,,,,,,,,,,,9.7411198,,,,,
BAU,14,2037,T4DSL_HEA,E1DSL,,,,,,,,,,,,,,,,,,,,,,,,9.8521259,,,,,
BAU,14,2038,T4DSL_HEA,E1DSL,,,,,,,,,,,,,,,,,,,,,,,,9.9578696,,,,,
BAU,14,2039,T4DSL_HEA,E1DSL,,,,,,,,,,,,,,,,,,,,,,,,10.06088,,,,,
BAU,14,2040,T4DSL_HEA,E1DSL,,,,,,,,,,,,,,,,,,,,,,,,10.158652,,,,,
BAU,14,2041,T4DSL_HEA,E1DSL,,,,,,,,,,,,,,,,,,,,,,,,10.462777,,,,,
BAU,14,2042,T4DSL_HEA,E1DSL,,,,,,,,,,,,,,,,,,,,,,,,10.768647,,,,,
BAU,14,2043,T4DSL_HEA,E1DSL,,,,,,,,,,,,,,,,,,,,,,,,11.078921,,,,,
BAU,14,2044,T4DSL_HEA,E1DSL,,,,,,,,,,,,,,,,,,,,,,,,11.391709,,,,,
BAU,14,2045,T4DSL_HEA,E1DSL,,,,,,,,,,,,,,,,,,,,,,,,11.708876,,,,,
BAU,14,2046,T4DSL_HEA,E1DSL,,,,,,,,,,,,,,,,,,,,,,,,12.054757,,,,,
BAU,14,2047,T4DSL_HEA,E1DSL,,,,,,,,,,,,,,,,,,,,,,,,12.404516,,,,,
BAU,14,2048,T4DSL_HEA,E1DSL,,,,,,,,,,,,,,,,,,,,,,,,12.75775,,,,,
BAU,14,2049,T4DSL_HEA,E1DSL,,,,,,,,,,,,,,,,,,,,,,,,13.114638,,,,,
BAU,14,2050,T4DSL_HEA,E1DSL,,,,,,,,,,,,,,,,,,,,,,,,13.475169,,,,,
BAU,14,2051,T4DSL_HEA,E1DSL,,,,,,,,,,,,,,,,,,,,,,,,13.767873,,,,,
BAU,14,2052,T4DSL_HEA,E1DSL,,,,,,,,,,,,,,,,,,,,,,,,14.067436,,,,,
BAU,14,2053,T4DSL_HEA,E1DSL,,,,,,,,,,,,,,,,,,,,,,,,14.374068,,,,,
BAU,14,2054,T4DSL_HEA,E1DSL,,,,,,,,,,,,,,,,,,,,,,,,14.68605,,,,,
BAU,14,2055,T4DSL_HEA,E1DSL,,,,,,,,,,,,,,,,,,,,,,,,15.005447,,,,,
BAU,14,2021,T4FOI_HEA,E1FO1,,,,,,,,,,,,,,,,,,,,,,,,0.0144,,,,,
BAU,14,2022,T4FOI_HEA,E1FO1,,,,,,,,,,,,,,,,,,,,,,,,0.0156,,,,,
BAU,14,2023,T4FOI_HEA,E1FO1,,,,,,,,,,,,,,,,,,,,,,,,0.016303584,,,,,
BAU,14,2024,T4FOI_HEA,E1FO1,,,,,,,,,,,,,,,,,,,,,,,,0.01652509,,,,,
BAU,14,2025,T4FOI_HEA,E1FO1,,,,,,,,,,,,,,,,,,,,,,,,0.0169,,,,,
BAU,14,2026,T4FOI_HEA,E1FO1,,,,,,,,,,,,,,,,,,,,,,,,0.030513978,,,,,
BAU,14,2027,T4FOI_HEA,E1FO1,,,,,,,,,,,,,,,,,,,,,,,,0.058983871,,,,,
BAU,14,2028,T4FOI_HEA,E1FO1,,,,,,,,,,,,,,,,,,,,,,,,0.0739,,,,,
BAU,14,2029,T4FOI_HEA,E1FO1,,,,,,,,,,,,,,,,,,,,,,,,0.0893,,,,,
BAU,14,2030,T4FOI_HEA,E1FO1,,,,,,,,,,,,,,,,,,,,,,,,0.10523118,,,,,
BAU,14,2031,T4FOI_HEA,E1FO1,,,,,,,,,,,,,,,,,,,,,,,,0.12200466,,,,,
BAU,14,2032,T4FOI_HEA,E1FO1,,,,,,,,,,,,,,,,,,,,,,,,0.1394,,,,,
BAU,14,2033,T4FOI_HEA,E1FO1,,,,,,,,,,,,,,,,,,,,,,,,0.15754731,,,,,
BAU,14,2034,T4FOI_HEA,E1FO1,,,,,,,,,,,,,,,,,,,,,,,,0.17612545,,,,,
BAU,14,2035,T4FOI_HEA,E1FO1,,,,,,,,,,,,,,,,,,,,,,,,0.19540215,,,,,
BAU,14,2036,T4FOI_HEA,E1FO1,,,,,,,,,,,,,,,,,,,,,,,,0.21611434,,,,,
BAU,14,2037,T4FOI_HEA,E1FO1,,,,,,,,,,,,,,,,,,,,,,,,0.2376,,,,,
BAU,14,2038,T4FOI_HEA,E1FO1,,,,,,,,,,,,,,,,,,,,,,,,0.25992401,,,,,
BAU,14,2039,T4FOI_HEA,E1FO1,,,,,,,,,,,,,,,,,,,,,,,,0.28281254,,,,,
BAU,14,2040,T4FOI_HEA,E1FO1,,,,,,,,,,,,,,,,,,,,,,,,0.3067,,,,,
BAU,14,2041,T4FOI_HEA,E1FO1,,,,,,,,,,,,,,,,,,,,,,,,0.3045,,,,,
BAU,14,2042,T4FOI_HEA,E1FO1,,,,,,,,,,,,,,,,,,,,,,,,0.302,,,,,
BAU,14,2043,T4FOI_HEA,E1FO1,,,,,,,,,,,,,,,,,,,,,,,,0.2989,,,,,
BAU,14,2044,T4FOI_HEA,E1FO1,,,,,,,,,,,,,,,,,,,,,,,,0.29545018,,,,,
BAU,14,2045,T4FOI_HEA,E1FO1,,,,,,,,,,,,,,,,,,,,,,,,0.2914,,,,,
BAU,14,2046,T4FOI_HEA,E1FO1,,,,,,,,,,,,,,,,,,,,,,,,0.2877,,,,,
BAU,14,2047,T4FOI_HEA,E1FO1,,,,,,,,,,,,,,,,,,,,,,,,0.2834,,,,,
BAU,14,2048,T4FOI_HEA,E1FO1,,,,,,,,,,,,,,,,,,,,,,,,0.2786,,,,,
BAU,14,2049,T4FOI_HEA,E1FO1,,,,,,,,,,,,,,,,,,,,,,,,0.2733,,,,,
BAU,14,2050,T4FOI_HEA,E1FO1,,,,,,,,,,,,,,,,,,,,,,,,0.2674,,,,,
BAU,14,2051,T4FOI_HEA,E1FO1,,,,,,,,,,,,,,,,,,,,,,,,0.27355484,,,,,
BAU,14,2052,T4FOI_HEA,E1FO1,,,,,,,,,,,,,,,,,,,,,,,,0.2798,,,,,
BAU,14,2053,T4FOI_HEA,E1FO1,,,,,,,,,,,,,,,,,,,,,,,,0.2861,,,,,
BAU,14,2054,T4FOI_HEA,E1FO1,,,,,,,,,,,,,,,,,,,,,,,,0.29265556,,,,,
BAU,14,2055,T4FOI_HEA,E1FO1,,,,,,,,,,,,,,,,,,,,,,,,0.29930215,,,,,
BAU,14,2021,T4DSL_LIG,E1DSL,,,,,,,,,,,,,,,,,,,,,,,,0.92409296,,,,,
BAU,14,2022,T4DSL_LIG,E1DSL,,,,,,,,,,,,,,,,,,,,,,,,0.999635,,,,,
BAU,14,2023,T4DSL_LIG,E1DSL,,,,,,,,,,,,,,,,,,,,,,,,1.0459347,,,,,
BAU,14,2024,T4DSL_LIG,E1DSL,,,,,,,,,,,,,,,,,,,,,,,,1.0667182,,,,,
BAU,14,2025,T4DSL_LIG,E1DSL,,,,,,,,,,,,,,,,,,,,,,,,1.0871463,,,,,
BAU,14,2026,T4DSL_LIG,E1DSL,,,,,,,,,,,,,,,,,,,,,,,,1.1195637,,,,,
BAU,14,2027,T4DSL_LIG,E1DSL,,,,,,,,,,,,,,,,,,,,,,,,1.1621912,,,,,
BAU,14,2028,T4DSL_LIG,E1DSL,,,,,,,,,,,,,,,,,,,,,,,,1.1969193,,,,,
BAU,14,2029,T4DSL_LIG,E1DSL,,,,,,,,,,,,,,,,,,,,,,,,1.2319661,,,,,
BAU,14,2030,T4DSL_LIG,E1DSL,,,,,,,,,,,,,,,,,,,,,,,,1.2673424,,,,,
BAU,14,2031,T4DSL_LIG,E1DSL,,,,,,,,,,,,,,,,,,,,,,,,1.3061117,,,,,
BAU,14,2032,T4DSL_LIG,E1DSL,,,,,,,,,,,,,,,,,,,,,,,,1.3450634,,,,,
BAU,14,2033,T4DSL_LIG,E1DSL,,,,,,,,,,,,,,,,,,,,,,,,1.3847819,,,,,
BAU,14,2034,T4DSL_LIG,E1DSL,,,,,,,,,,,,,,,,,,,,,,,,1.4249531,,,,,
BAU,14,2035,T4DSL_LIG,E1DSL,,,,,,,,,,,,,,,,,,,,,,,,1.4657544,,,,,
BAU,14,2036,T4DSL_LIG,E1DSL,,,,,,,,,,,,,,,,,,,,,,,,1.5126314,,,,,
BAU,14,2037,T4DSL_LIG,E1DSL,,,,,,,,,,,,,,,,,,,,,,,,1.5604482,,,,,
BAU,14,2038,T4DSL_LIG,E1DSL,,,,,,,,,,,,,,,,,,,,,,,,1.6092019,,,,,
BAU,14,2039,T4DSL_LIG,E1DSL,,,,,,,,,,,,,,,,,,,,,,,,1.6584238,,,,,
BAU,14,2040,T4DSL_LIG,E1DSL,,,,,,,,,,,,,,,,,,,,,,,,1.7083963,,,,,
BAU,14,2041,T4DSL_LIG,E1DSL,,,,,,,,,,,,,,,,,,,,,,,,1.7360003,,,,,
BAU,14,2042,T4DSL_LIG,E1DSL,,,,,,,,,,,,,,,,,,,,,,,,1.7629348,,,,,
BAU,14,2043,T4DSL_LIG,E1DSL,,,,,,,,,,,,,,,,,,,,,,,,1.7891032,,,,,
BAU,14,2044,T4DSL_LIG,E1DSL,,,,,,,,,,,,,,,,,,,,,,,,1.8149552,,,,,
BAU,14,2045,T4DSL_LIG,E1DSL,,,,,,,,,,,,,,,,,,,,,,,,1.8399503,,,,,
BAU,14,2046,T4DSL_LIG,E1DSL,,,,,,,,,,,,,,,,,,,,,,,,1.8692128,,,,,
BAU,14,2047,T4DSL_LIG,E1DSL,,,,,,,,,,,,,,,,,,,,,,,,1.8972926,,,,,
BAU,14,2048,T4DSL_LIG,E1DSL,,,,,,,,,,,,,,,,,,,,,,,,1.9250998,,,,,
BAU,14,2049,T4DSL_LIG,E1DSL,,,,,,,,,,,,,,,,,,,,,,,,1.9517677,,,,,
BAU,14,2050,T4DSL_LIG,E1DSL,,,,,,,,,,,,,,,,,,,,,,,,1.9778614,,,,,
BAU,14,2051,T4DSL_LIG,E1DSL,,,,,,,,,,,,,,,,,,,,,,,,2.0209087,,,,,
BAU,14,2052,T4DSL_LIG,E1DSL,,,,,,,,,,,,,,,,,,,,,,,,2.0651822,,,,,
BAU,14,2053,T4DSL_LIG,E1DSL,,,,,,,,,,,,,,,,,,,,,,,,2.1097089,,,,,
BAU,14,2054,T4DSL_LIG,E1DSL,,,,,,,,,,,,,,,,,,,,,,,,2.1560977,,,,,
BAU,14,2055,T4DSL_LIG,E1DSL,,,,,,,,,,,,,,,,,,,,,,,,2.2027851,,,,,
BAU,14,2021,T4GSL_LIG,E1GSL,,,,,,,,,,,,,,,,,,,,,,,,0.87163296,,,,,
BAU,14,2022,T4GSL_LIG,E1GSL,,,,,,,,,,,,,,,,,,,,,,,,0.94326176,,,,,
BAU,14,2023,T4GSL_LIG,E1GSL,,,,,,,,,,,,,,,,,,,,,,,,0.98758208,,,,,
BAU,14,2024,T4GSL_LIG,E1GSL,,,,,,,,,,,,,,,,,,,,,,,,1.005937,,,,,
BAU,14,2025,T4GSL_LIG,E1GSL,,,,,,,,,,,,,,,,,,,,,,,,1.0256349,,,,,
BAU,14,2026,T4GSL_LIG,E1GSL,,,,,,,,,,,,,,,,,,,,,,,,1.0314547,,,,,
BAU,14,2027,T4GSL_LIG,E1GSL,,,,,,,,,,,,,,,,,,,,,,,,1.026909,,,,,
BAU,14,2028,T4GSL_LIG,E1GSL,,,,,,,,,,,,,,,,,,,,,,,,1.0317536,,,,,
BAU,14,2029,T4GSL_LIG,E1GSL,,,,,,,,,,,,,,,,,,,,,,,,1.0361408,,,,,
BAU,14,2030,T4GSL_LIG,E1GSL,,,,,,,,,,,,,,,,,,,,,,,,1.040518,,,,,
BAU,14,2031,T4GSL_LIG,E1GSL,,,,,,,,,,,,,,,,,,,,,,,,1.0462218,,,,,
BAU,14,2032,T4GSL_LIG,E1GSL,,,,,,,,,,,,,,,,,,,,,,,,1.0514443,,,,,
BAU,14,2033,T4GSL_LIG,E1GSL,,,,,,,,,,,,,,,,,,,,,,,,1.055789,,,,,
BAU,14,2034,T4GSL_LIG,E1GSL,,,,,,,,,,,,,,,,,,,,,,,,1.0596794,,,,,
BAU,14,2035,T4GSL_LIG,E1GSL,,,,,,,,,,,,,,,,,,,,,,,,1.0631165,,,,,
BAU,14,2036,T4GSL_LIG,E1GSL,,,,,,,,,,,,,,,,,,,,,,,,1.0700931,,,,,
BAU,14,2037,T4GSL_LIG,E1GSL,,,,,,,,,,,,,,,,,,,,,,,,1.0761685,,,,,
BAU,14,2038,T4GSL_LIG,E1GSL,,,,,,,,,,,,,,,,,,,,,,,,1.0813451,,,,,
BAU,14,2039,T4GSL_LIG,E1GSL,,,,,,,,,,,,,,,,,,,,,,,,1.0860678,,,,,
BAU,14,2040,T4GSL_LIG,E1GSL,,,,,,,,,,,,,,,,,,,,,,,,1.0898959,,,,,
BAU,14,2041,T4GSL_LIG,E1GSL,,,,,,,,,,,,,,,,,,,,,,,,1.1316727,,,,,
BAU,14,2042,T4GSL_LIG,E1GSL,,,,,,,,,,,,,,,,,,,,,,,,1.1746908,,,,,
BAU,14,2043,T4GSL_LIG,E1GSL,,,,,,,,,,,,,,,,,,,,,,,,1.2180378,,,,,
BAU,14,2044,T4GSL_LIG,E1GSL,,,,,,,,,,,,,,,,,,,,,,,,1.2622068,,,,,
BAU,14,2045,T4GSL_LIG,E1GSL,,,,,,,,,,,,,,,,,,,,,,,,1.308048,,,,,
BAU,14,2046,T4GSL_LIG,E1GSL,,,,,,,,,,,,,,,,,,,,,,,,1.3564349,,,,,
BAU,14,2047,T4GSL_LIG,E1GSL,,,,,,,,,,,,,,,,,,,,,,,,1.4060434,,,,,
BAU,14,2048,T4GSL_LIG,E1GSL,,,,,,,,,,,,,,,,,,,,,,,,1.4564312,,,,,
BAU,14,2049,T4GSL_LIG,E1GSL,,,,,,,,,,,,,,,,,,,,,,,,1.508034,,,,,
BAU,14,2050,T4GSL_LIG,E1GSL,,,,,,,,,,,,,,,,,,,,,,,,1.5608479,,,,,
BAU,14,2051,T4GSL_LIG,E1GSL,,,,,,,,,,,,,,,,,,,,,,,,1.5947597,,,,,
BAU,14,2052,T4GSL_LIG,E1GSL,,,,,,,,,,,,,,,,,,,,,,,,1.6290402,,,,,
BAU,14,2053,T4GSL_LIG,E1GSL,,,,,,,,,,,,,,,,,,,,,,,,1.664959,,,,,
BAU,14,2054,T4GSL_LIG,E1GSL,,,,,,,,,,,,,,,,,,,,,,,,1.7004069,,,,,
BAU,14,2055,T4GSL_LIG,E1GSL,,,,,,,,,,,,,,,,,,,,,,,,1.7379608,,,,,
BAU,14,2021,T4FOI_MAR,E1FO1,,,,,,,,,,,,,,,,,,,,,,,,0.26582283,,,,,
BAU,14,2022,T4FOI_MAR,E1FO1,,,,,,,,,,,,,,,,,,,,,,,,0.28759185,,,,,
BAU,14,2023,T4FOI_MAR,E1FO1,,,,,,,,,,,,,,,,,,,,,,,,0.30100707,,,,,
BAU,14,2024,T4FOI_MAR,E1FO1,,,,,,,,,,,,,,,,,,,,,,,,0.30678102,,,,,
BAU,14,2025,T4FOI_MAR,E1FO1,,,,,,,,,,,,,,,,,,,,,,,,0.31272696,,,,,
BAU,14,2026,T4FOI_MAR,E1FO1,,,,,,,,,,,,,,,,,,,,,,,,0.31874661,,,,,
BAU,14,2027,T4FOI_MAR,E1FO1,,,,,,,,,,,,,,,,,,,,,,,,0.3245019,,,,,
BAU,14,2028,T4FOI_MAR,E1FO1,,,,,,,,,,,,,,,,,,,,,,,,0.33011276,,,,,
BAU,14,2029,T4FOI_MAR,E1FO1,,,,,,,,,,,,,,,,,,,,,,,,0.335846,,,,,
BAU,14,2030,T4FOI_MAR,E1FO1,,,,,,,,,,,,,,,,,,,,,,,,0.34156944,,,,,
BAU,14,2031,T4FOI_MAR,E1FO1,,,,,,,,,,,,,,,,,,,,,,,,0.3478257,,,,,
BAU,14,2032,T4FOI_MAR,E1FO1,,,,,,,,,,,,,,,,,,,,,,,,0.354235,,,,,
BAU,14,2033,T4FOI_MAR,E1FO1,,,,,,,,,,,,,,,,,,,,,,,,0.36060893,,,,,
BAU,14,2034,T4FOI_MAR,E1FO1,,,,,,,,,,,,,,,,,,,,,,,,0.36697194,,,,,
BAU,14,2035,T4FOI_MAR,E1FO1,,,,,,,,,,,,,,,,,,,,,,,,0.37317084,,,,,
BAU,14,2036,T4FOI_MAR,E1FO1,,,,,,,,,,,,,,,,,,,,,,,,0.38099402,,,,,
BAU,14,2037,T4FOI_MAR,E1FO1,,,,,,,,,,,,,,,,,,,,,,,,0.38880384,,,,,
BAU,14,2038,T4FOI_MAR,E1FO1,,,,,,,,,,,,,,,,,,,,,,,,0.39643709,,,,,
BAU,14,2039,T4FOI_MAR,E1FO1,,,,,,,,,,,,,,,,,,,,,,,,0.40421685,,,,,
BAU,14,2040,T4FOI_MAR,E1FO1,,,,,,,,,,,,,,,,,,,,,,,,0.41198325,,,,,
BAU,14,2041,T4FOI_MAR,E1FO1,,,,,,,,,,,,,,,,,,,,,,,,0.42101626,,,,,
BAU,14,2042,T4FOI_MAR,E1FO1,,,,,,,,,,,,,,,,,,,,,,,,0.4302034,,,,,
BAU,14,2043,T4FOI_MAR,E1FO1,,,,,,,,,,,,,,,,,,,,,,,,0.4393506,,,,,
BAU,14,2044,T4FOI_MAR,E1FO1,,,,,,,,,,,,,,,,,,,,,,,,0.4483206,,,,,
BAU,14,2045,T4FOI_MAR,E1FO1,,,,,,,,,,,,,,,,,,,,,,,,0.45745654,,,,,
BAU,14,2046,T4FOI_MAR,E1FO1,,,,,,,,,,,,,,,,,,,,,,,,0.46761345,,,,,
BAU,14,2047,T4FOI_MAR,E1FO1,,,,,,,,,,,,,,,,,,,,,,,,0.47755456,,,,,
BAU,14,2048,T4FOI_MAR,E1FO1,,,,,,,,,,,,,,,,,,,,,,,,0.48767214,,,,,
BAU,14,2049,T4FOI_MAR,E1FO1,,,,,,,,,,,,,,,,,,,,,,,,0.49777224,,,,,
BAU,14,2050,T4FOI_MAR,E1FO1,,,,,,,,,,,,,,,,,,,,,,,,0.50785486,,,,,
BAU,14,2051,T4FOI_MAR,E1FO1,,,,,,,,,,,,,,,,,,,,,,,,0.51792011,,,,,
BAU,14,2052,T4FOI_MAR,E1FO1,,,,,,,,,,,,,,,,,,,,,,,,0.52841865,,,,,
BAU,14,2053,T4FOI_MAR,E1FO1,,,,,,,,,,,,,,,,,,,,,,,,0.5391145,,,,,
BAU,14,2054,T4FOI_MAR,E1FO1,,,,,,,,,,,,,,,,,,,,,,,,0.5498012,,,,,
BAU,14,2055,T4FOI_MAR,E1FO1,,,,,,,,,,,,,,,,,,,,,,,,0.560933,,,,,
BAU,14,2021,T4FOI_MAM,E1FO1,,,,,,,,,,,,,,,,,,,,,,,,1.0819,,,,,
BAU,14,2022,T4FOI_MAM,E1FO1,,,,,,,,,,,,,,,,,,,,,,,,1.1705,,,,,
BAU,14,2023,T4FOI_MAM,E1FO1,,,,,,,,,,,,,,,,,,,,,,,,1.2251,,,,,
BAU,14,2024,T4FOI_MAM,E1FO1,,,,,,,,,,,,,,,,,,,,,,,,1.2486,,,,,
BAU,14,2025,T4FOI_MAM,E1FO1,,,,,,,,,,,,,,,,,,,,,,,,1.2728,,,,,
BAU,14,2026,T4FOI_MAM,E1FO1,,,,,,,,,,,,,,,,,,,,,,,,1.2973,,,,,
BAU,14,2027,T4FOI_MAM,E1FO1,,,,,,,,,,,,,,,,,,,,,,,,1.3218,,,,,
BAU,14,2028,T4FOI_MAM,E1FO1,,,,,,,,,,,,,,,,,,,,,,,,1.3463,,,,,
BAU,14,2029,T4FOI_MAM,E1FO1,,,,,,,,,,,,,,,,,,,,,,,,1.3708,,,,,
BAU,14,2030,T4FOI_MAM,E1FO1,,,,,,,,,,,,,,,,,,,,,,,,1.3953,,,,,
BAU,14,2031,T4FOI_MAM,E1FO1,,,,,,,,,,,,,,,,,,,,,,,,1.4226,,,,,
BAU,14,2032,T4FOI_MAM,E1FO1,,,,,,,,,,,,,,,,,,,,,,,,1.45,,,,,
BAU,14,2033,T4FOI_MAM,E1FO1,,,,,,,,,,,,,,,,,,,,,,,,1.4773,,,,,
BAU,14,2034,T4FOI_MAM,E1FO1,,,,,,,,,,,,,,,,,,,,,,,,1.5046,,,,,
BAU,14,2035,T4FOI_MAM,E1FO1,,,,,,,,,,,,,,,,,,,,,,,,1.5319,,,,,
BAU,14,2036,T4FOI_MAM,E1FO1,,,,,,,,,,,,,,,,,,,,,,,,1.5653,,,,,
BAU,14,2037,T4FOI_MAM,E1FO1,,,,,,,,,,,,,,,,,,,,,,,,1.5987,,,,,
BAU,14,2038,T4FOI_MAM,E1FO1,,,,,,,,,,,,,,,,,,,,,,,,1.6321,,,,,
BAU,14,2039,T4FOI_MAM,E1FO1,,,,,,,,,,,,,,,,,,,,,,,,1.6655,,,,,
BAU,14,2040,T4FOI_MAM,E1FO1,,,,,,,,,,,,,,,,,,,,,,,,1.6989,,,,,
BAU,14,2041,T4FOI_MAM,E1FO1,,,,,,,,,,,,,,,,,,,,,,,,1.7383,,,,,
BAU,14,2042,T4FOI_MAM,E1FO1,,,,,,,,,,,,,,,,,,,,,,,,1.7777,,,,,
BAU,14,2043,T4FOI_MAM,E1FO1,,,,,,,,,,,,,,,,,,,,,,,,1.817,,,,,
BAU,14,2044,T4FOI_MAM,E1FO1,,,,,,,,,,,,,,,,,,,,,,,,1.8564,,,,,
BAU,14,2045,T4FOI_MAM,E1FO1,,,,,,,,,,,,,,,,,,,,,,,,1.8958,,,,,
BAU,14,2046,T4FOI_MAM,E1FO1,,,,,,,,,,,,,,,,,,,,,,,,1.9395,,,,,
BAU,14,2047,T4FOI_MAM,E1FO1,,,,,,,,,,,,,,,,,,,,,,,,1.9832,,,,,
BAU,14,2048,T4FOI_MAM,E1FO1,,,,,,,,,,,,,,,,,,,,,,,,2.0269,,,,,
BAU,14,2049,T4FOI_MAM,E1FO1,,,,,,,,,,,,,,,,,,,,,,,,2.0706,,,,,
BAU,14,2050,T4FOI_MAM,E1FO1,,,,,,,,,,,,,,,,,,,,,,,,2.1143,,,,,
BAU,14,2051,T4FOI_MAM,E1FO1,,,,,,,,,,,,,,,,,,,,,,,,2.1589,,,,,
BAU,14,2052,T4FOI_MAM,E1FO1,,,,,,,,,,,,,,,,,,,,,,,,2.2045,,,,,
BAU,14,2053,T4FOI_MAM,E1FO1,,,,,,,,,,,,,,,,,,,,,,,,2.251,,,,,
BAU,14,2054,T4FOI_MAM,E1FO1,,,,,,,,,,,,,,,,,,,,,,,,2.2985,,,,,
BAU,14,2055,T4FOI_MAM,E1FO1,,,,,,,,,,,,,,,,,,,,,,,,2.347,,,,,
BAU,14,2021,T4KER_AVI,E1KER,,,,,,,,,,,,,,,,,,,,,,,,1.0819,,,,,
BAU,14,2022,T4KER_AVI,E1KER,,,,,,,,,,,,,,,,,,,,,,,,1.1705,,,,,
BAU,14,2023,T4KER_AVI,E1KER,,,,,,,,,,,,,,,,,,,,,,,,1.2251,,,,,
BAU,14,2024,T4KER_AVI,E1KER,,,,,,,,,,,,,,,,,,,,,,,,1.2486,,,,,
BAU,14,2025,T4KER_AVI,E1KER,,,,,,,,,,,,,,,,,,,,,,,,1.2728,,,,,
BAU,14,2026,T4KER_AVI,E1KER,,,,,,,,,,,,,,,,,,,,,,,,1.2973,,,,,
BAU,14,2027,T4KER_AVI,E1KER,,,,,,,,,,,,,,,,,,,,,,,,1.3218,,,,,
BAU,14,2028,T4KER_AVI,E1KER,,,,,,,,,,,,,,,,,,,,,,,,1.3463,,,,,
BAU,14,2029,T4KER_AVI,E1KER,,,,,,,,,,,,,,,,,,,,,,,,1.3708,,,,,
BAU,14,2030,T4KER_AVI,E1KER,,,,,,,,,,,,,,,,,,,,,,,,1.3953,,,,,
BAU,14,2031,T4KER_AVI,E1KER,,,,,,,,,,,,,,,,,,,,,,,,1.4226,,,,,
BAU,14,2032,T4KER_AVI,E1KER,,,,,,,,,,,,,,,,,,,,,,,,1.45,,,,,
BAU,14,2033,T4KER_AVI,E1KER,,,,,,,,,,,,,,,,,,,,,,,,1.4773,,,,,
BAU,14,2034,T4KER_AVI,E1KER,,,,,,,,,,,,,,,,,,,,,,,,1.5046,,,,,
BAU,14,2035,T4KER_AVI,E1KER,,,,,,,,,,,,,,,,,,,,,,,,1.5319,,,,,
BAU,14,2036,T4KER_AVI,E1KER,,,,,,,,,,,,,,,,,,,,,,,,1.5653,,,,,
BAU,14,2037,T4KER_AVI,E1KER,,,,,,,,,,,,,,,,,,,,,,,,1.5987,,,,,
BAU,14,2038,T4KER_AVI,E1KER,,,,,,,,,,,,,,,,,,,,,,,,1.6321,,,,,
BAU,14,2039,T4KER_AVI,E1KER,,,,,,,,,,,,,,,,,,,,,,,,1.6655,,,,,
BAU,14,2040,T4KER_AVI,E1KER,,,,,,,,,,,,,,,,,,,,,,,,1.6989,,,,,
BAU,14,2041,T4KER_AVI,E1KER,,,,,,,,,,,,,,,,,,,,,,,,1.7383,,,,,
BAU,14,2042,T4KER_AVI,E1KER,,,,,,,,,,,,,,,,,,,,,,,,1.7777,,,,,
BAU,14,2043,T4KER_AVI,E1KER,,,,,,,,,,,,,,,,,,,,,,,,1.817,,,,,
BAU,14,2044,T4KER_AVI,E1KER,,,,,,,,,,,,,,,,,,,,,,,,1.8564,,,,,
BAU,14,2045,T4KER_AVI,E1KER,,,,,,,,,,,,,,,,,,,,,,,,1.8958,,,,,
BAU,14,2046,T4KER_AVI,E1KER,,,,,,,,,,,,,,,,,,,,,,,,1.9395,,,,,
BAU,14,2047,T4KER_AVI,E1KER,,,,,,,,,,,,,,,,,,,,,,,,1.9832,,,,,
BAU,14,2048,T4KER_AVI,E1KER,,,,,,,,,,,,,,,,,,,,,,,,2.0269,,,,,
BAU,14,2049,T4KER_AVI,E1KER,,,,,,,,,,,,,,,,,,,,,,,,2.0706,,,,,
BAU,14,2050,T4KER_AVI,E1KER,,,,,,,,,,,,,,,,,,,,,,,,2.1143,,,,,
BAU,14,2051,T4KER_AVI,E1KER,,,,,,,,,,,,,,,,,,,,,,,,2.1589,,,,,
BAU,14,2052,T4KER_AVI,E1KER,,,,,,,,,,,,,,,,,,,,,,,,2.2045,,,,,
BAU,14,2053,T4KER_AVI,E1KER,,,,,,,,,,,,,,,,,,,,,,,,2.251,,,,,
BAU,14,2054,T4KER_AVI,E1KER,,,,,,,,,,,,,,,,,,,,,,,,2.2985,,,,,
BAU,14,2055,T4KER_AVI,E1KER,,,,,,,,,,,,,,,,,,,,,,,,2.347,,,,,
BAU,14,2021,TRAUTGSL,E4GSL_PRI,,,,,,,,,,,,,,,,,,,,,,,,15.131988,,,,,
BAU,14,2022,TRAUTGSL,E4GSL_PRI,,,,,,,,,,,,,,,,,,,,,,,,16.371084,,,,,
BAU,14,2023,TRAUTGSL,E4GSL_PRI,,,,,,,,,,,,,,,,,,,,,,,,17.134857,,,,,
BAU,14,2024,TRAUTGSL,E4GSL_PRI,,,,,,,,,,,,,,,,,,,,,,,,17.463695,,,,,
BAU,14,2025,TRAUTGSL,E4GSL_PRI,,,,,,,,,,,,,,,,,,,,,,,,17.801877,,,,,
BAU,14,2026,TRAUTGSL,E4GSL_PRI,,,,,,,,,,,,,,,,,,,,,,,,18.10811,,,,,
BAU,14,2027,TRAUTGSL,E4GSL_PRI,,,,,,,,,,,,,,,,,,,,,,,,18.343033,,,,,
BAU,14,2028,TRAUTGSL,E4GSL_PRI,,,,,,,,,,,,,,,,,,,,,,,,18.574764,,,,,
BAU,14,2029,TRAUTGSL,E4GSL_PRI,,,,,,,,,,,,,,,,,,,,,,,,18.803034,,,,,
BAU,14,2030,TRAUTGSL,E4GSL_PRI,,,,,,,,,,,,,,,,,,,,,,,,19.027242,,,,,
BAU,14,2031,TRAUTGSL,E4GSL_PRI,,,,,,,,,,,,,,,,,,,,,,,,19.276157,,,,,
BAU,14,2032,TRAUTGSL,E4GSL_PRI,,,,,,,,,,,,,,,,,,,,,,,,19.521011,,,,,
BAU,14,2033,TRAUTGSL,E4GSL_PRI,,,,,,,,,,,,,,,,,,,,,,,,19.761781,,,,,
BAU,14,2034,TRAUTGSL,E4GSL_PRI,,,,,,,,,,,,,,,,,,,,,,,,19.998406,,,,,
BAU,14,2035,TRAUTGSL,E4GSL_PRI,,,,,,,,,,,,,,,,,,,,,,,,20.231029,,,,,
BAU,14,2036,TRAUTGSL,E4GSL_PRI,,,,,,,,,,,,,,,,,,,,,,,,20.538721,,,,,
BAU,14,2037,TRAUTGSL,E4GSL_PRI,,,,,,,,,,,,,,,,,,,,,,,,20.841522,,,,,
BAU,14,2038,TRAUTGSL,E4GSL_PRI,,,,,,,,,,,,,,,,,,,,,,,,21.139637,,,,,
BAU,14,2039,TRAUTGSL,E4GSL_PRI,,,,,,,,,,,,,,,,,,,,,,,,21.432392,,,,,
BAU,14,2040,TRAUTGSL,E4GSL_PRI,,,,,,,,,,,,,,,,,,,,,,,,21.719664,,,,,
BAU,14,2041,TRAUTGSL,E4GSL_PRI,,,,,,,,,,,,,,,,,,,,,,,,22.078097,,,,,
BAU,14,2042,TRAUTGSL,E4GSL_PRI,,,,,,,,,,,,,,,,,,,,,,,,22.431065,,,,,
BAU,14,2043,TRAUTGSL,E4GSL_PRI,,,,,,,,,,,,,,,,,,,,,,,,22.777222,,,,,
BAU,14,2044,TRAUTGSL,E4GSL_PRI,,,,,,,,,,,,,,,,,,,,,,,,23.118106,,,,,
BAU,14,2045,TRAUTGSL,E4GSL_PRI,,,,,,,,,,,,,,,,,,,,,,,,23.453273,,,,,
BAU,14,2046,TRAUTGSL,E4GSL_PRI,,,,,,,,,,,,,,,,,,,,,,,,23.83487,,,,,
BAU,14,2047,TRAUTGSL,E4GSL_PRI,,,,,,,,,,,,,,,,,,,,,,,,24.210583,,,,,
BAU,14,2048,TRAUTGSL,E4GSL_PRI,,,,,,,,,,,,,,,,,,,,,,,,24.580229,,,,,
BAU,14,2049,TRAUTGSL,E4GSL_PRI,,,,,,,,,,,,,,,,,,,,,,,,24.942681,,,,,
BAU,14,2050,TRAUTGSL,E4GSL_PRI,,,,,,,,,,,,,,,,,,,,,,,,25.299634,,,,,
BAU,14,2051,TRAUTGSL,E4GSL_PRI,,,,,,,,,,,,,,,,,,,,,,,,25.728571,,,,,
BAU,14,2052,TRAUTGSL,E4GSL_PRI,,,,,,,,,,,,,,,,,,,,,,,,26.165737,,,,,
BAU,14,2053,TRAUTGSL,E4GSL_PRI,,,,,,,,,,,,,,,,,,,,,,,,26.609662,,,,,
BAU,14,2054,TRAUTGSL,E4GSL_PRI,,,,,,,,,,,,,,,,,,,,,,,,27.060282,,,,,
BAU,14,2055,TRAUTGSL,E4GSL_PRI,,,,,,,,,,,,,,,,,,,,,,,,27.519107,,,,,
BAU,14,2026,TRAUTELE,E4ELE_PRI,,,,,,,,,,,,,,,,,,,,,,,,0.0047916,,,,,
BAU,14,2027,TRAUTELE,E4ELE_PRI,,,,,,,,,,,,,,,,,,,,,,,,0.00984738,,,,,
BAU,14,2028,TRAUTELE,E4ELE_PRI,,,,,,,,,,,,,,,,,,,,,,,,0.01509158,,,,,
BAU,14,2029,TRAUTELE,E4ELE_PRI,,,,,,,,,,,,,,,,,,,,,,,,0.0206444,,,,,
BAU,14,2030,TRAUTELE,E4ELE_PRI,,,,,,,,,,,,,,,,,,,,,,,,0.02647971,,,,,
BAU,14,2031,TRAUTELE,E4ELE_PRI,,,,,,,,,,,,,,,,,,,,,,,,0.0340181,,,,,
BAU,14,2032,TRAUTELE,E4ELE_PRI,,,,,,,,,,,,,,,,,,,,,,,,0.04191698,,,,,
BAU,14,2033,TRAUTELE,E4ELE_PRI,,,,,,,,,,,,,,,,,,,,,,,,0.05017102,,,,,
BAU,14,2034,TRAUTELE,E4ELE_PRI,,,,,,,,,,,,,,,,,,,,,,,,0.05880834,,,,,
BAU,14,2035,TRAUTELE,E4ELE_PRI,,,,,,,,,,,,,,,,,,,,,,,,0.06782545,,,,,
BAU,14,2036,TRAUTELE,E4ELE_PRI,,,,,,,,,,,,,,,,,,,,,,,,0.07757984,,,,,
BAU,14,2037,TRAUTELE,E4ELE_PRI,,,,,,,,,,,,,,,,,,,,,,,,0.0877338,,,,,
BAU,14,2038,TRAUTELE,E4ELE_PRI,,,,,,,,,,,,,,,,,,,,,,,,0.09831654,,,,,
BAU,14,2039,TRAUTELE,E4ELE_PRI,,,,,,,,,,,,,,,,,,,,,,,,0.10942268,,,,,
BAU,14,2040,TRAUTELE,E4ELE_PRI,,,,,,,,,,,,,,,,,,,,,,,,0.12099586,,,,,
BAU,14,2041,TRAUTELE,E4ELE_PRI,,,,,,,,,,,,,,,,,,,,,,,,0.13350402,,,,,
BAU,14,2042,TRAUTELE,E4ELE_PRI,,,,,,,,,,,,,,,,,,,,,,,,0.14654975,,,,,
BAU,14,2043,TRAUTELE,E4ELE_PRI,,,,,,,,,,,,,,,,,,,,,,,,0.16010792,,,,,
BAU,14,2044,TRAUTELE,E4ELE_PRI,,,,,,,,,,,,,,,,,,,,,,,,0.1742532,,,,,
BAU,14,2045,TRAUTELE,E4ELE_PRI,,,,,,,,,,,,,,,,,,,,,,,,0.18896307,,,,,
BAU,14,2046,TRAUTELE,E4ELE_PRI,,,,,,,,,,,,,,,,,,,,,,,,0.20472816,,,,,
BAU,14,2047,TRAUTELE,E4ELE_PRI,,,,,,,,,,,,,,,,,,,,,,,,0.221039,,,,,
BAU,14,2048,TRAUTELE,E4ELE_PRI,,,,,,,,,,,,,,,,,,,,,,,,0.23804157,,,,,
BAU,14,2049,TRAUTELE,E4ELE_PRI,,,,,,,,,,,,,,,,,,,,,,,,0.25565424,,,,,
BAU,14,2050,TRAUTELE,E4ELE_PRI,,,,,,,,,,,,,,,,,,,,,,,,0.27393591,,,,,
BAU,14,2051,TRAUTELE,E4ELE_PRI,,,,,,,,,,,,,,,,,,,,,,,,0.2812776,,,,,
BAU,14,2052,TRAUTELE,E4ELE_PRI,,,,,,,,,,,,,,,,,,,,,,,,0.28869824,,,,,
BAU,14,2053,TRAUTELE,E4ELE_PRI,,,,,,,,,,,,,,,,,,,,,,,,0.29641425,,,,,
BAU,14,2054,TRAUTELE,E4ELE_PRI,,,,,,,,,,,,,,,,,,,,,,,,0.30421884,,,,,
BAU,14,2055,TRAUTELE,E4ELE_PRI,,,,,,,,,,,,,,,,,,,,,,,,0.31226804,,,,,
BAU,14,2021,TRMOTGSL,E4GSL_PRI,,,,,,,,,,,,,,,,,,,,,,,,1.1043662,,,,,
BAU,14,2022,TRMOTGSL,E4GSL_PRI,,,,,,,,,,,,,,,,,,,,,,,,1.1947892,,,,,
BAU,14,2023,TRMOTGSL,E4GSL_PRI,,,,,,,,,,,,,,,,,,,,,,,,1.2505501,,,,,
BAU,14,2024,TRMOTGSL,E4GSL_PRI,,,,,,,,,,,,,,,,,,,,,,,,1.2744711,,,,,
BAU,14,2025,TRMOTGSL,E4GSL_PRI,,,,,,,,,,,,,,,,,,,,,,,,1.2992963,,,,,
BAU,14,2026,TRMOTGSL,E4GSL_PRI,,,,,,,,,,,,,,,,,,,,,,,,1.321491,,,,,
BAU,14,2027,TRMOTGSL,E4GSL_PRI,,,,,,,,,,,,,,,,,,,,,,,,1.338824,,,,,
BAU,14,2028,TRMOTGSL,E4GSL_PRI,,,,,,,,,,,,,,,,,,,,,,,,1.355585,,,,,
BAU,14,2029,TRMOTGSL,E4GSL_PRI,,,,,,,,,,,,,,,,,,,,,,,,1.3720564,,,,,
BAU,14,2030,TRMOTGSL,E4GSL_PRI,,,,,,,,,,,,,,,,,,,,,,,,1.3884947,,,,,
BAU,14,2031,TRMOTGSL,E4GSL_PRI,,,,,,,,,,,,,,,,,,,,,,,,1.4069531,,,,,
BAU,14,2032,TRMOTGSL,E4GSL_PRI,,,,,,,,,,,,,,,,,,,,,,,,1.4245216,,,,,
BAU,14,2033,TRMOTGSL,E4GSL_PRI,,,,,,,,,,,,,,,,,,,,,,,,1.4423543,,,,,
BAU,14,2034,TRMOTGSL,E4GSL_PRI,,,,,,,,,,,,,,,,,,,,,,,,1.4592049,,,,,
BAU,14,2035,TRMOTGSL,E4GSL_PRI,,,,,,,,,,,,,,,,,,,,,,,,1.4763684,,,,,
BAU,14,2036,TRMOTGSL,E4GSL_PRI,,,,,,,,,,,,,,,,,,,,,,,,1.4988716,,,,,
BAU,14,2037,TRMOTGSL,E4GSL_PRI,,,,,,,,,,,,,,,,,,,,,,,,1.5212248,,,,,
BAU,14,2038,TRMOTGSL,E4GSL_PRI,,,,,,,,,,,,,,,,,,,,,,,,1.5427978,,,,,
BAU,14,2039,TRMOTGSL,E4GSL_PRI,,,,,,,,,,,,,,,,,,,,,,,,1.5643005,,,,,
BAU,14,2040,TRMOTGSL,E4GSL_PRI,,,,,,,,,,,,,,,,,,,,,,,,1.5847603,,,,,
BAU,14,2041,TRMOTGSL,E4GSL_PRI,,,,,,,,,,,,,,,,,,,,,,,,1.6112015,,,,,
BAU,14,2042,TRMOTGSL,E4GSL_PRI,,,,,,,,,,,,,,,,,,,,,,,,1.6373472,,,,,
BAU,14,2043,TRMOTGSL,E4GSL_PRI,,,,,,,,,,,,,,,,,,,,,,,,1.6624139,,,,,
BAU,14,2044,TRMOTGSL,E4GSL_PRI,,,,,,,,,,,,,,,,,,,,,,,,1.6873777,,,,,
BAU,14,2045,TRMOTGSL,E4GSL_PRI,,,,,,,,,,,,,,,,,,,,,,,,1.7116455,,,,,
BAU,14,2046,TRMOTGSL,E4GSL_PRI,,,,,,,,,,,,,,,,,,,,,,,,1.7395427,,,,,
BAU,14,2047,TRMOTGSL,E4GSL_PRI,,,,,,,,,,,,,,,,,,,,,,,,1.7668508,,,,,
BAU,14,2048,TRMOTGSL,E4GSL_PRI,,,,,,,,,,,,,,,,,,,,,,,,1.7935137,,,,,
BAU,14,2049,TRMOTGSL,E4GSL_PRI,,,,,,,,,,,,,,,,,,,,,,,,1.8200611,,,,,
BAU,14,2050,TRMOTGSL,E4GSL_PRI,,,,,,,,,,,,,,,,,,,,,,,,1.8477939,,,,,
BAU,14,2051,TRMOTGSL,E4GSL_PRI,,,,,,,,,,,,,,,,,,,,,,,,1.8789389,,,,,
BAU,14,2052,TRMOTGSL,E4GSL_PRI,,,,,,,,,,,,,,,,,,,,,,,,1.910966,,,,,
BAU,14,2053,TRMOTGSL,E4GSL_PRI,,,,,,,,,,,,,,,,,,,,,,,,1.9435162,,,,,
BAU,14,2054,TRMOTGSL,E4GSL_PRI,,,,,,,,,,,,,,,,,,,,,,,,1.9765204,,,,,
BAU,14,2055,TRMOTGSL,E4GSL_PRI,,,,,,,,,,,,,,,,,,,,,,,,2.0101106,,,,,
BAU,14,2026,TRMOTELE,E4ELE_PRI,,,,,,,,,,,,,,,,,,,,,,,,0.0003564,,,,,
BAU,14,2027,TRMOTELE,E4ELE_PRI,,,,,,,,,,,,,,,,,,,,,,,,0.00072054,,,,,
BAU,14,2028,TRMOTELE,E4ELE_PRI,,,,,,,,,,,,,,,,,,,,,,,,0.00109242,,,,,
BAU,14,2029,TRMOTELE,E4ELE_PRI,,,,,,,,,,,,,,,,,,,,,,,,0.00151256,,,,,
BAU,14,2030,TRMOTELE,E4ELE_PRI,,,,,,,,,,,,,,,,,,,,,,,,0.00194157,,,,,
BAU,14,2031,TRMOTELE,E4ELE_PRI,,,,,,,,,,,,,,,,,,,,,,,,0.00246266,,,,,
BAU,14,2032,TRMOTELE,E4ELE_PRI,,,,,,,,,,,,,,,,,,,,,,,,0.00307841,,,,,
BAU,14,2033,TRMOTELE,E4ELE_PRI,,,,,,,,,,,,,,,,,,,,,,,,0.00366274,,,,,
BAU,14,2034,TRMOTELE,E4ELE_PRI,,,,,,,,,,,,,,,,,,,,,,,,0.004302,,,,,
BAU,14,2035,TRMOTELE,E4ELE_PRI,,,,,,,,,,,,,,,,,,,,,,,,0.0049533,,,,,
BAU,14,2036,TRMOTELE,E4ELE_PRI,,,,,,,,,,,,,,,,,,,,,,,,0.00566052,,,,,
BAU,14,2037,TRMOTELE,E4ELE_PRI,,,,,,,,,,,,,,,,,,,,,,,,0.00638064,,,,,
BAU,14,2038,TRMOTELE,E4ELE_PRI,,,,,,,,,,,,,,,,,,,,,,,,0.0071568,,,,,
BAU,14,2039,TRMOTELE,E4ELE_PRI,,,,,,,,,,,,,,,,,,,,,,,,0.00794816,,,,,
BAU,14,2040,TRMOTELE,E4ELE_PRI,,,,,,,,,,,,,,,,,,,,,,,,0.00884446,,,,,
BAU,14,2041,TRMOTELE,E4ELE_PRI,,,,,,,,,,,,,,,,,,,,,,,,0.00975624,,,,,
BAU,14,2042,TRMOTELE,E4ELE_PRI,,,,,,,,,,,,,,,,,,,,,,,,0.0106835,,,,,
BAU,14,2043,TRMOTELE,E4ELE_PRI,,,,,,,,,,,,,,,,,,,,,,,,0.01167063,,,,,
BAU,14,2044,TRMOTELE,E4ELE_PRI,,,,,,,,,,,,,,,,,,,,,,,,0.0127237,,,,,
BAU,14,2045,TRMOTELE,E4ELE_PRI,,,,,,,,,,,,,,,,,,,,,,,,0.01379397,,,,,
BAU,14,2046,TRMOTELE,E4ELE_PRI,,,,,,,,,,,,,,,,,,,,,,,,0.0149296,,,,,
BAU,14,2047,TRMOTELE,E4ELE_PRI,,,,,,,,,,,,,,,,,,,,,,,,0.01612856,,,,,
BAU,14,2048,TRMOTELE,E4ELE_PRI,,,,,,,,,,,,,,,,,,,,,,,,0.01739855,,,,,
BAU,14,2049,TRMOTELE,E4ELE_PRI,,,,,,,,,,,,,,,,,,,,,,,,0.01868832,,,,,
BAU,14,2050,TRMOTELE,E4ELE_PRI,,,,,,,,,,,,,,,,,,,,,,,,0.01974852,,,,,
BAU,14,2051,TRMOTELE,E4ELE_PRI,,,,,,,,,,,,,,,,,,,,,,,,0.0202709,,,,,
BAU,14,2052,TRMOTELE,E4ELE_PRI,,,,,,,,,,,,,,,,,,,,,,,,0.0207952,,,,,
BAU,14,2053,TRMOTELE,E4ELE_PRI,,,,,,,,,,,,,,,,,,,,,,,,0.02132955,,,,,
BAU,14,2054,TRMOTELE,E4ELE_PRI,,,,,,,,,,,,,,,,,,,,,,,,0.0219215,,,,,
BAU,14,2055,TRMOTELE,E4ELE_PRI,,,,,,,,,,,,,,,,,,,,,,,,0.02246832,,,,,
BAU,14,2021,TRSUVDSL,E4DSL_PRI,,,,,,,,,,,,,,,,,,,,,,,,0.40072032,,,,,
BAU,14,2022,TRSUVDSL,E4DSL_PRI,,,,,,,,,,,,,,,,,,,,,,,,0.44540496,,,,,
BAU,14,2023,TRSUVDSL,E4DSL_PRI,,,,,,,,,,,,,,,,,,,,,,,,0.46594548,,,,,
BAU,14,2024,TRSUVDSL,E4DSL_PRI,,,,,,,,,,,,,,,,,,,,,,,,0.47531484,,,,,
BAU,14,2025,TRSUVDSL,E4DSL_PRI,,,,,,,,,,,,,,,,,,,,,,,,0.48432384,,,,,
BAU,14,2026,TRSUVDSL,E4DSL_PRI,,,,,,,,,,,,,,,,,,,,,,,,0.52576524,,,,,
BAU,14,2027,TRSUVDSL,E4DSL_PRI,,,,,,,,,,,,,,,,,,,,,,,,0.5616312,,,,,
BAU,14,2028,TRSUVDSL,E4DSL_PRI,,,,,,,,,,,,,,,,,,,,,,,,0.59670912,,,,,
BAU,14,2029,TRSUVDSL,E4DSL_PRI,,,,,,,,,,,,,,,,,,,,,,,,0.63926586,,,,,
BAU,14,2030,TRSUVDSL,E4DSL_PRI,,,,,,,,,,,,,,,,,,,,,,,,0.686049,,,,,
BAU,14,2031,TRSUVDSL,E4DSL_PRI,,,,,,,,,,,,,,,,,,,,,,,,0.73491483,,,,,
BAU,14,2032,TRSUVDSL,E4DSL_PRI,,,,,,,,,,,,,,,,,,,,,,,,0.78510103,,,,,
BAU,14,2033,TRSUVDSL,E4DSL_PRI,,,,,,,,,,,,,,,,,,,,,,,,0.83590665,,,,,
BAU,14,2034,TRSUVDSL,E4DSL_PRI,,,,,,,,,,,,,,,,,,,,,,,,0.88804495,,,,,
BAU,14,2035,TRSUVDSL,E4DSL_PRI,,,,,,,,,,,,,,,,,,,,,,,,0.94151185,,,,,
BAU,14,2036,TRSUVDSL,E4DSL_PRI,,,,,,,,,,,,,,,,,,,,,,,,0.999516,,,,,
BAU,14,2037,TRSUVDSL,E4DSL_PRI,,,,,,,,,,,,,,,,,,,,,,,,1.1037698,,,,,
BAU,14,2038,TRSUVDSL,E4DSL_PRI,,,,,,,,,,,,,,,,,,,,,,,,1.1657809,,,,,
BAU,14,2039,TRSUVDSL,E4DSL_PRI,,,,,,,,,,,,,,,,,,,,,,,,1.228062,,,,,
BAU,14,2040,TRSUVDSL,E4DSL_PRI,,,,,,,,,,,,,,,,,,,,,,,,1.2923231,,,,,
BAU,14,2041,TRSUVDSL,E4DSL_PRI,,,,,,,,,,,,,,,,,,,,,,,,1.3102726,,,,,
BAU,14,2042,TRSUVDSL,E4DSL_PRI,,,,,,,,,,,,,,,,,,,,,,,,1.3271207,,,,,
BAU,14,2043,TRSUVDSL,E4DSL_PRI,,,,,,,,,,,,,,,,,,,,,,,,1.3446432,,,,,
BAU,14,2044,TRSUVDSL,E4DSL_PRI,,,,,,,,,,,,,,,,,,,,,,,,1.3610669,,,,,
BAU,14,2045,TRSUVDSL,E4DSL_PRI,,,,,,,,,,,,,,,,,,,,,,,,1.3774566,,,,,
BAU,14,2046,TRSUVDSL,E4DSL_PRI,,,,,,,,,,,,,,,,,,,,,,,,1.3991161,,,,,
BAU,14,2047,TRSUVDSL,E4DSL_PRI,,,,,,,,,,,,,,,,,,,,,,,,1.4270896,,,,,
BAU,14,2048,TRSUVDSL,E4DSL_PRI,,,,,,,,,,,,,,,,,,,,,,,,1.454695,,,,,
BAU,14,2049,TRSUVDSL,E4DSL_PRI,,,,,,,,,,,,,,,,,,,,,,,,1.4825568,,,,,
BAU,14,2050,TRSUVDSL,E4DSL_PRI,,,,,,,,,,,,,,,,,,,,,,,,1.5103622,,,,,
BAU,14,2051,TRSUVDSL,E4DSL_PRI,,,,,,,,,,,,,,,,,,,,,,,,1.535648,,,,,
BAU,14,2052,TRSUVDSL,E4DSL_PRI,,,,,,,,,,,,,,,,,,,,,,,,1.5619366,,,,,
BAU,14,2053,TRSUVDSL,E4DSL_PRI,,,,,,,,,,,,,,,,,,,,,,,,1.5881716,,,,,
BAU,14,2054,TRSUVDSL,E4DSL_PRI,,,,,,,,,,,,,,,,,,,,,,,,1.6150546,,,,,
BAU,14,2055,TRSUVDSL,E4DSL_PRI,,,,,,,,,,,,,,,,,,,,,,,,1.6425836,,,,,
BAU,14,2021,TRSUVGSL,E4GSL_PRI,,,,,,,,,,,,,,,,,,,,,,,,0.90674388,,,,,
BAU,14,2022,TRSUVGSL,E4GSL_PRI,,,,,,,,,,,,,,,,,,,,,,,,0.9687276,,,,,
BAU,14,2023,TRSUVGSL,E4GSL_PRI,,,,,,,,,,,,,,,,,,,,,,,,1.0143803,,,,,
BAU,14,2024,TRSUVGSL,E4GSL_PRI,,,,,,,,,,,,,,,,,,,,,,,,1.0333094,,,,,
BAU,14,2025,TRSUVGSL,E4GSL_PRI,,,,,,,,,,,,,,,,,,,,,,,,1.0533521,,,,,
BAU,14,2026,TRSUVGSL,E4GSL_PRI,,,,,,,,,,,,,,,,,,,,,,,,1.0373922,,,,,
BAU,14,2027,TRSUVGSL,E4GSL_PRI,,,,,,,,,,,,,,,,,,,,,,,,1.0212107,,,,,
BAU,14,2028,TRSUVGSL,E4GSL_PRI,,,,,,,,,,,,,,,,,,,,,,,,1.005058,,,,,
BAU,14,2029,TRSUVGSL,E4GSL_PRI,,,,,,,,,,,,,,,,,,,,,,,,0.98146232,,,,,
BAU,14,2030,TRSUVGSL,E4GSL_PRI,,,,,,,,,,,,,,,,,,,,,,,,0.95289463,,,,,
BAU,14,2031,TRSUVGSL,E4GSL_PRI,,,,,,,,,,,,,,,,,,,,,,,,0.92428884,,,,,
BAU,14,2032,TRSUVGSL,E4GSL_PRI,,,,,,,,,,,,,,,,,,,,,,,,0.89425661,,,,,
BAU,14,2033,TRSUVGSL,E4GSL_PRI,,,,,,,,,,,,,,,,,,,,,,,,0.86292002,,,,,
BAU,14,2034,TRSUVGSL,E4GSL_PRI,,,,,,,,,,,,,,,,,,,,,,,,0.82956924,,,,,
BAU,14,2035,TRSUVGSL,E4GSL_PRI,,,,,,,,,,,,,,,,,,,,,,,,0.79508421,,,,,
BAU,14,2036,TRSUVGSL,E4GSL_PRI,,,,,,,,,,,,,,,,,,,,,,,,0.76181224,,,,,
BAU,14,2037,TRSUVGSL,E4GSL_PRI,,,,,,,,,,,,,,,,,,,,,,,,0.68027664,,,,,
BAU,14,2038,TRSUVGSL,E4GSL_PRI,,,,,,,,,,,,,,,,,,,,,,,,0.64256447,,,,,
BAU,14,2039,TRSUVGSL,E4GSL_PRI,,,,,,,,,,,,,,,,,,,,,,,,0.60382314,,,,,
BAU,14,2040,TRSUVGSL,E4GSL_PRI,,,,,,,,,,,,,,,,,,,,,,,,0.56295699,,,,,
BAU,14,2041,TRSUVGSL,E4GSL_PRI,,,,,,,,,,,,,,,,,,,,,,,,0.57597382,,,,,
BAU,14,2042,TRSUVGSL,E4GSL_PRI,,,,,,,,,,,,,,,,,,,,,,,,0.5885838,,,,,
BAU,14,2043,TRSUVGSL,E4GSL_PRI,,,,,,,,,,,,,,,,,,,,,,,,0.60116858,,,,,
BAU,14,2044,TRSUVGSL,E4GSL_PRI,,,,,,,,,,,,,,,,,,,,,,,,0.61372816,,,,,
BAU,14,2045,TRSUVGSL,E4GSL_PRI,,,,,,,,,,,,,,,,,,,,,,,,0.62662707,,,,,
BAU,14,2046,TRSUVGSL,E4GSL_PRI,,,,,,,,,,,,,,,,,,,,,,,,0.64059262,,,,,
BAU,14,2047,TRSUVGSL,E4GSL_PRI,,,,,,,,,,,,,,,,,,,,,,,,0.65453017,,,,,
BAU,14,2048,TRSUVGSL,E4GSL_PRI,,,,,,,,,,,,,,,,,,,,,,,,0.66843972,,,,,
BAU,14,2049,TRSUVGSL,E4GSL_PRI,,,,,,,,,,,,,,,,,,,,,,,,0.68232127,,,,,
BAU,14,2050,TRSUVGSL,E4GSL_PRI,,,,,,,,,,,,,,,,,,,,,,,,0.69617482,,,,,
BAU,14,2051,TRSUVGSL,E4GSL_PRI,,,,,,,,,,,,,,,,,,,,,,,,0.70820776,,,,,
BAU,14,2052,TRSUVGSL,E4GSL_PRI,,,,,,,,,,,,,,,,,,,,,,,,0.72019701,,,,,
BAU,14,2053,TRSUVGSL,E4GSL_PRI,,,,,,,,,,,,,,,,,,,,,,,,0.7325235,,,,,
BAU,14,2054,TRSUVGSL,E4GSL_PRI,,,,,,,,,,,,,,,,,,,,,,,,0.74518618,,,,,
BAU,14,2055,TRSUVGSL,E4GSL_PRI,,,,,,,,,,,,,,,,,,,,,,,,0.75746192,,,,,
BAU,14,2026,TRSUVELE,E4ELE_PRI,,,,,,,,,,,,,,,,,,,,,,,,0.000648,,,,,
BAU,14,2027,TRSUVELE,E4ELE_PRI,,,,,,,,,,,,,,,,,,,,,,,,0.00123726,,,,,
BAU,14,2028,TRSUVELE,E4ELE_PRI,,,,,,,,,,,,,,,,,,,,,,,,0.00198612,,,,,
BAU,14,2029,TRSUVELE,E4ELE_PRI,,,,,,,,,,,,,,,,,,,,,,,,0.00260155,,,,,
BAU,14,2030,TRSUVELE,E4ELE_PRI,,,,,,,,,,,,,,,,,,,,,,,,0.00337995,,,,,
BAU,14,2031,TRSUVELE,E4ELE_PRI,,,,,,,,,,,,,,,,,,,,,,,,0.00432573,,,,,
BAU,14,2032,TRSUVELE,E4ELE_PRI,,,,,,,,,,,,,,,,,,,,,,,,0.00529023,,,,,
BAU,14,2033,TRSUVELE,E4ELE_PRI,,,,,,,,,,,,,,,,,,,,,,,,0.0063509,,,,,
BAU,14,2034,TRSUVELE,E4ELE_PRI,,,,,,,,,,,,,,,,,,,,,,,,0.00750912,,,,,
BAU,14,2035,TRSUVELE,E4ELE_PRI,,,,,,,,,,,,,,,,,,,,,,,,0.008611,,,,,
BAU,14,2036,TRSUVELE,E4ELE_PRI,,,,,,,,,,,,,,,,,,,,,,,,0.0099725,,,,,
BAU,14,2037,TRSUVELE,E4ELE_PRI,,,,,,,,,,,,,,,,,,,,,,,,0.01135896,,,,,
BAU,14,2038,TRSUVELE,E4ELE_PRI,,,,,,,,,,,,,,,,,,,,,,,,0.01268748,,,,,
BAU,14,2039,TRSUVELE,E4ELE_PRI,,,,,,,,,,,,,,,,,,,,,,,,0.01412292,,,,,
BAU,14,2040,TRSUVELE,E4ELE_PRI,,,,,,,,,,,,,,,,,,,,,,,,0.01558332,,,,,
BAU,14,2041,TRSUVELE,E4ELE_PRI,,,,,,,,,,,,,,,,,,,,,,,,0.01715235,,,,,
BAU,14,2042,TRSUVELE,E4ELE_PRI,,,,,,,,,,,,,,,,,,,,,,,,0.0189168,,,,,
BAU,14,2043,TRSUVELE,E4ELE_PRI,,,,,,,,,,,,,,,,,,,,,,,,0.02062324,,,,,
BAU,14,2044,TRSUVELE,E4ELE_PRI,,,,,,,,,,,,,,,,,,,,,,,,0.022446,,,,,
BAU,14,2045,TRSUVELE,E4ELE_PRI,,,,,,,,,,,,,,,,,,,,,,,,0.0242984,,,,,
BAU,14,2046,TRSUVELE,E4ELE_PRI,,,,,,,,,,,,,,,,,,,,,,,,0.02600532,,,,,
BAU,14,2047,TRSUVELE,E4ELE_PRI,,,,,,,,,,,,,,,,,,,,,,,,0.02809212,,,,,
BAU,14,2048,TRSUVELE,E4ELE_PRI,,,,,,,,,,,,,,,,,,,,,,,,0.03020829,,,,,
BAU,14,2049,TRSUVELE,E4ELE_PRI,,,,,,,,,,,,,,,,,,,,,,,,0.03254018,,,,,
BAU,14,2050,TRSUVELE,E4ELE_PRI,,,,,,,,,,,,,,,,,,,,,,,,0.03481728,,,,,
BAU,14,2051,TRSUVELE,E4ELE_PRI,,,,,,,,,,,,,,,,,,,,,,,,0.03575695,,,,,
BAU,14,2052,TRSUVELE,E4ELE_PRI,,,,,,,,,,,,,,,,,,,,,,,,0.03670356,,,,,
BAU,14,2053,TRSUVELE,E4ELE_PRI,,,,,,,,,,,,,,,,,,,,,,,,0.037665,,,,,
BAU,14,2054,TRSUVELE,E4ELE_PRI,,,,,,,,,,,,,,,,,,,,,,,,0.03863736,,,,,
BAU,14,2055,TRSUVELE,E4ELE_PRI,,,,,,,,,,,,,,,,,,,,,,,,0.03962064,,,,,
BAU,14,2021,TRTAXGSL,E4GSL_PUB,,,,,,,,,,,,,,,,,,,,,,,,2.6258839,,,,,
BAU,14,2022,TRTAXGSL,E4GSL_PUB,,,,,,,,,,,,,,,,,,,,,,,,2.8410907,,,,,
BAU,14,2023,TRTAXGSL,E4GSL_PUB,,,,,,,,,,,,,,,,,,,,,,,,2.9734097,,,,,
BAU,14,2024,TRTAXGSL,E4GSL_PUB,,,,,,,,,,,,,,,,,,,,,,,,3.0306775,,,,,
BAU,14,2025,TRTAXGSL,E4GSL_PUB,,,,,,,,,,,,,,,,,,,,,,,,3.0894525,,,,,
BAU,14,2026,TRTAXGSL,E4GSL_PUB,,,,,,,,,,,,,,,,,,,,,,,,3.1425007,,,,,
BAU,14,2027,TRTAXGSL,E4GSL_PUB,,,,,,,,,,,,,,,,,,,,,,,,3.1832452,,,,,
BAU,14,2028,TRTAXGSL,E4GSL_PUB,,,,,,,,,,,,,,,,,,,,,,,,3.2231998,,,,,
BAU,14,2029,TRTAXGSL,E4GSL_PUB,,,,,,,,,,,,,,,,,,,,,,,,3.2631799,,,,,
BAU,14,2030,TRTAXGSL,E4GSL_PUB,,,,,,,,,,,,,,,,,,,,,,,,3.3018789,,,,,
BAU,14,2031,TRTAXGSL,E4GSL_PUB,,,,,,,,,,,,,,,,,,,,,,,,3.3448885,,,,,
BAU,14,2032,TRTAXGSL,E4GSL_PUB,,,,,,,,,,,,,,,,,,,,,,,,3.3879218,,,,,
BAU,14,2033,TRTAXGSL,E4GSL_PUB,,,,,,,,,,,,,,,,,,,,,,,,3.4296712,,,,,
BAU,14,2034,TRTAXGSL,E4GSL_PUB,,,,,,,,,,,,,,,,,,,,,,,,3.4706223,,,,,
BAU,14,2035,TRTAXGSL,E4GSL_PUB,,,,,,,,,,,,,,,,,,,,,,,,3.5107084,,,,,
BAU,14,2036,TRTAXGSL,E4GSL_PUB,,,,,,,,,,,,,,,,,,,,,,,,3.564448,,,,,
BAU,14,2037,TRTAXGSL,E4GSL_PUB,,,,,,,,,,,,,,,,,,,,,,,,3.6167662,,,,,
BAU,14,2038,TRTAXGSL,E4GSL_PUB,,,,,,,,,,,,,,,,,,,,,,,,3.6682051,,,,,
BAU,14,2039,TRTAXGSL,E4GSL_PUB,,,,,,,,,,,,,,,,,,,,,,,,3.7195409,,,,,
BAU,14,2040,TRTAXGSL,E4GSL_PUB,,,,,,,,,,,,,,,,,,,,,,,,3.7691597,,,,,
BAU,14,2041,TRTAXGSL,E4GSL_PUB,,,,,,,,,,,,,,,,,,,,,,,,3.831581,,,,,
BAU,14,2042,TRTAXGSL,E4GSL_PUB,,,,,,,,,,,,,,,,,,,,,,,,3.8926906,,,,,
BAU,14,2043,TRTAXGSL,E4GSL_PUB,,,,,,,,,,,,,,,,,,,,,,,,3.9529515,,,,,
BAU,14,2044,TRTAXGSL,E4GSL_PUB,,,,,,,,,,,,,,,,,,,,,,,,4.0117411,,,,,
BAU,14,2045,TRTAXGSL,E4GSL_PUB,,,,,,,,,,,,,,,,,,,,,,,,4.0701165,,,,,
BAU,14,2046,TRTAXGSL,E4GSL_PUB,,,,,,,,,,,,,,,,,,,,,,,,4.1362196,,,,,
BAU,14,2047,TRTAXGSL,E4GSL_PUB,,,,,,,,,,,,,,,,,,,,,,,,4.2017367,,,,,
BAU,14,2048,TRTAXGSL,E4GSL_PUB,,,,,,,,,,,,,,,,,,,,,,,,4.265351,,,,,
BAU,14,2049,TRTAXGSL,E4GSL_PUB,,,,,,,,,,,,,,,,,,,,,,,,4.3281005,,,,,
BAU,14,2050,TRTAXGSL,E4GSL_PUB,,,,,,,,,,,,,,,,,,,,,,,,4.3899836,,,,,
BAU,14,2051,TRTAXGSL,E4GSL_PUB,,,,,,,,,,,,,,,,,,,,,,,,4.4648344,,,,,
BAU,14,2052,TRTAXGSL,E4GSL_PUB,,,,,,,,,,,,,,,,,,,,,,,,4.5408597,,,,,
BAU,14,2053,TRTAXGSL,E4GSL_PUB,,,,,,,,,,,,,,,,,,,,,,,,4.6176134,,,,,
BAU,14,2054,TRTAXGSL,E4GSL_PUB,,,,,,,,,,,,,,,,,,,,,,,,4.6958135,,,,,
BAU,14,2055,TRTAXGSL,E4GSL_PUB,,,,,,,,,,,,,,,,,,,,,,,,4.7754787,,,,,
BAU,14,2026,TRTAXELE,E4ELE_PUB,,,,,,,,,,,,,,,,,,,,,,,,0.0008316,,,,,
BAU,14,2027,TRTAXELE,E4ELE_PUB,,,,,,,,,,,,,,,,,,,,,,,,0.00172129,,,,,
BAU,14,2028,TRTAXELE,E4ELE_PUB,,,,,,,,,,,,,,,,,,,,,,,,0.0026299,,,,,
BAU,14,2029,TRTAXELE,E4ELE_PUB,,,,,,,,,,,,,,,,,,,,,,,,0.00355656,,,,,
BAU,14,2030,TRTAXELE,E4ELE_PUB,,,,,,,,,,,,,,,,,,,,,,,,0.00458541,,,,,
BAU,14,2031,TRTAXELE,E4ELE_PUB,,,,,,,,,,,,,,,,,,,,,,,,0.00588534,,,,,
BAU,14,2032,TRTAXELE,E4ELE_PUB,,,,,,,,,,,,,,,,,,,,,,,,0.00725324,,,,,
BAU,14,2033,TRTAXELE,E4ELE_PUB,,,,,,,,,,,,,,,,,,,,,,,,0.00868836,,,,,
BAU,14,2034,TRTAXELE,E4ELE_PUB,,,,,,,,,,,,,,,,,,,,,,,,0.01023876,,,,,
BAU,14,2035,TRTAXELE,E4ELE_PUB,,,,,,,,,,,,,,,,,,,,,,,,0.01177495,,,,,
BAU,14,2036,TRTAXELE,E4ELE_PUB,,,,,,,,,,,,,,,,,,,,,,,,0.01342728,,,,,
BAU,14,2037,TRTAXELE,E4ELE_PUB,,,,,,,,,,,,,,,,,,,,,,,,0.01519833,,,,,
BAU,14,2038,TRTAXELE,E4ELE_PUB,,,,,,,,,,,,,,,,,,,,,,,,0.01708686,,,,,
BAU,14,2039,TRTAXELE,E4ELE_PUB,,,,,,,,,,,,,,,,,,,,,,,,0.0189672,,,,,
BAU,14,2040,TRTAXELE,E4ELE_PUB,,,,,,,,,,,,,,,,,,,,,,,,0.0209714,,,,,
BAU,14,2041,TRTAXELE,E4ELE_PUB,,,,,,,,,,,,,,,,,,,,,,,,0.02314806,,,,,
BAU,14,2042,TRTAXELE,E4ELE_PUB,,,,,,,,,,,,,,,,,,,,,,,,0.02540815,,,,,
BAU,14,2043,TRTAXELE,E4ELE_PUB,,,,,,,,,,,,,,,,,,,,,,,,0.02774704,,,,,
BAU,14,2044,TRTAXELE,E4ELE_PUB,,,,,,,,,,,,,,,,,,,,,,,,0.0302247,,,,,
BAU,14,2045,TRTAXELE,E4ELE_PUB,,,,,,,,,,,,,,,,,,,,,,,,0.03279051,,,,,
BAU,14,2046,TRTAXELE,E4ELE_PUB,,,,,,,,,,,,,,,,,,,,,,,,0.03554208,,,,,
BAU,14,2047,TRTAXELE,E4ELE_PUB,,,,,,,,,,,,,,,,,,,,,,,,0.03832962,,,,,
BAU,14,2048,TRTAXELE,E4ELE_PUB,,,,,,,,,,,,,,,,,,,,,,,,0.04131543,,,,,
BAU,14,2049,TRTAXELE,E4ELE_PUB,,,,,,,,,,,,,,,,,,,,,,,,0.04439712,,,,,
BAU,14,2050,TRTAXELE,E4ELE_PUB,,,,,,,,,,,,,,,,,,,,,,,,0.04757598,,,,,
BAU,14,2051,TRTAXELE,E4ELE_PUB,,,,,,,,,,,,,,,,,,,,,,,,0.048791,,,,,
BAU,14,2052,TRTAXELE,E4ELE_PUB,,,,,,,,,,,,,,,,,,,,,,,,0.05011136,,,,,
BAU,14,2053,TRTAXELE,E4ELE_PUB,,,,,,,,,,,,,,,,,,,,,,,,0.0514569,,,,,
BAU,14,2054,TRTAXELE,E4ELE_PUB,,,,,,,,,,,,,,,,,,,,,,,,0.05281792,,,,,
BAU,14,2055,TRTAXELE,E4ELE_PUB,,,,,,,,,,,,,,,,,,,,,,,,0.05419442,,,,,
BAU,14,2021,TRMBSDSL,E4DSL_PUB,,,,,,,,,,,,,,,,,,,,,,,,0.41924805,,,,,
BAU,14,2022,TRMBSDSL,E4DSL_PUB,,,,,,,,,,,,,,,,,,,,,,,,0.45339495,,,,,
BAU,14,2023,TRMBSDSL,E4DSL_PUB,,,,,,,,,,,,,,,,,,,,,,,,0.47489485,,,,,
BAU,14,2024,TRMBSDSL,E4DSL_PUB,,,,,,,,,,,,,,,,,,,,,,,,0.48374775,,,,,
BAU,14,2025,TRMBSDSL,E4DSL_PUB,,,,,,,,,,,,,,,,,,,,,,,,0.493233,,,,,
BAU,14,2026,TRMBSDSL,E4DSL_PUB,,,,,,,,,,,,,,,,,,,,,,,,0.50145355,,,,,
BAU,14,2027,TRMBSDSL,E4DSL_PUB,,,,,,,,,,,,,,,,,,,,,,,,0.51235736,,,,,
BAU,14,2028,TRMBSDSL,E4DSL_PUB,,,,,,,,,,,,,,,,,,,,,,,,0.51881352,,,,,
BAU,14,2029,TRMBSDSL,E4DSL_PUB,,,,,,,,,,,,,,,,,,,,,,,,0.52589538,,,,,
BAU,14,2030,TRMBSDSL,E4DSL_PUB,,,,,,,,,,,,,,,,,,,,,,,,0.53232465,,,,,
BAU,14,2031,TRMBSDSL,E4DSL_PUB,,,,,,,,,,,,,,,,,,,,,,,,0.53937866,,,,,
BAU,14,2032,TRMBSDSL,E4DSL_PUB,,,,,,,,,,,,,,,,,,,,,,,,0.54640982,,,,,
BAU,14,2033,TRMBSDSL,E4DSL_PUB,,,,,,,,,,,,,,,,,,,,,,,,0.55406358,,,,,
BAU,14,2034,TRMBSDSL,E4DSL_PUB,,,,,,,,,,,,,,,,,,,,,,,,0.56106546,,,,,
BAU,14,2035,TRMBSDSL,E4DSL_PUB,,,,,,,,,,,,,,,,,,,,,,,,0.568062,,,,,
BAU,14,2036,TRMBSDSL,E4DSL_PUB,,,,,,,,,,,,,,,,,,,,,,,,0.5769144,,,,,
BAU,14,2037,TRMBSDSL,E4DSL_PUB,,,,,,,,,,,,,,,,,,,,,,,,0.58575816,,,,,
BAU,14,2038,TRMBSDSL,E4DSL_PUB,,,,,,,,,,,,,,,,,,,,,,,,0.59520944,,,,,
BAU,14,2039,TRMBSDSL,E4DSL_PUB,,,,,,,,,,,,,,,,,,,,,,,,0.60338292,,,,,
BAU,14,2040,TRMBSDSL,E4DSL_PUB,,,,,,,,,,,,,,,,,,,,,,,,0.61092537,,,,,
BAU,14,2041,TRMBSDSL,E4DSL_PUB,,,,,,,,,,,,,,,,,,,,,,,,0.62031285,,,,,
BAU,14,2042,TRMBSDSL,E4DSL_PUB,,,,,,,,,,,,,,,,,,,,,,,,0.62719988,,,,,
BAU,14,2043,TRMBSDSL,E4DSL_PUB,,,,,,,,,,,,,,,,,,,,,,,,0.63530704,,,,,
BAU,14,2044,TRMBSDSL,E4DSL_PUB,,,,,,,,,,,,,,,,,,,,,,,,0.6415428,,,,,
BAU,14,2045,TRMBSDSL,E4DSL_PUB,,,,,,,,,,,,,,,,,,,,,,,,0.6496183,,,,,
BAU,14,2046,TRMBSDSL,E4DSL_PUB,,,,,,,,,,,,,,,,,,,,,,,,0.65954898,,,,,
BAU,14,2047,TRMBSDSL,E4DSL_PUB,,,,,,,,,,,,,,,,,,,,,,,,0.6725481,,,,,
BAU,14,2048,TRMBSDSL,E4DSL_PUB,,,,,,,,,,,,,,,,,,,,,,,,0.68615116,,,,,
BAU,14,2049,TRMBSDSL,E4DSL_PUB,,,,,,,,,,,,,,,,,,,,,,,,0.6990971,,,,,
BAU,14,2050,TRMBSDSL,E4DSL_PUB,,,,,,,,,,,,,,,,,,,,,,,,0.71202816,,,,,
BAU,14,2051,TRMBSDSL,E4DSL_PUB,,,,,,,,,,,,,,,,,,,,,,,,0.72493326,,,,,
BAU,14,2052,TRMBSDSL,E4DSL_PUB,,,,,,,,,,,,,,,,,,,,,,,,0.73656666,,,,,
BAU,14,2053,TRMBSDSL,E4DSL_PUB,,,,,,,,,,,,,,,,,,,,,,,,0.7494208,,,,,
BAU,14,2054,TRMBSDSL,E4DSL_PUB,,,,,,,,,,,,,,,,,,,,,,,,0.7616209,,,,,
BAU,14,2055,TRMBSDSL,E4DSL_PUB,,,,,,,,,,,,,,,,,,,,,,,,0.77442349,,,,,
BAU,14,2021,TRMBSGSL,E4GSL_PUB,,,,,,,,,,,,,,,,,,,,,,,,0.23742986,,,,,
BAU,14,2022,TRMBSGSL,E4GSL_PUB,,,,,,,,,,,,,,,,,,,,,,,,0.25712191,,,,,
BAU,14,2023,TRMBSGSL,E4GSL_PUB,,,,,,,,,,,,,,,,,,,,,,,,0.26893714,,,,,
BAU,14,2024,TRMBSGSL,E4GSL_PUB,,,,,,,,,,,,,,,,,,,,,,,,0.27456344,,,,,
BAU,14,2025,TRMBSGSL,E4GSL_PUB,,,,,,,,,,,,,,,,,,,,,,,,0.27962711,,,,,
BAU,14,2026,TRMBSGSL,E4GSL_PUB,,,,,,,,,,,,,,,,,,,,,,,,0.28412815,,,,,
BAU,14,2027,TRMBSGSL,E4GSL_PUB,,,,,,,,,,,,,,,,,,,,,,,,0.2844226,,,,,
BAU,14,2028,TRMBSGSL,E4GSL_PUB,,,,,,,,,,,,,,,,,,,,,,,,0.28752384,,,,,
BAU,14,2029,TRMBSGSL,E4GSL_PUB,,,,,,,,,,,,,,,,,,,,,,,,0.29061872,,,,,
BAU,14,2030,TRMBSGSL,E4GSL_PUB,,,,,,,,,,,,,,,,,,,,,,,,0.29426775,,,,,
BAU,14,2031,TRMBSGSL,E4GSL_PUB,,,,,,,,,,,,,,,,,,,,,,,,0.29734938,,,,,
BAU,14,2032,TRMBSGSL,E4GSL_PUB,,,,,,,,,,,,,,,,,,,,,,,,0.30098948,,,,,
BAU,14,2033,TRMBSGSL,E4GSL_PUB,,,,,,,,,,,,,,,,,,,,,,,,0.30405792,,,,,
BAU,14,2034,TRMBSGSL,E4GSL_PUB,,,,,,,,,,,,,,,,,,,,,,,,0.3076784,,,,,
BAU,14,2035,TRMBSGSL,E4GSL_PUB,,,,,,,,,,,,,,,,,,,,,,,,0.31073359,,,,,
BAU,14,2036,TRMBSGSL,E4GSL_PUB,,,,,,,,,,,,,,,,,,,,,,,,0.31545444,,,,,
BAU,14,2037,TRMBSGSL,E4GSL_PUB,,,,,,,,,,,,,,,,,,,,,,,,0.31960894,,,,,
BAU,14,2038,TRMBSGSL,E4GSL_PUB,,,,,,,,,,,,,,,,,,,,,,,,0.32375496,,,,,
BAU,14,2039,TRMBSGSL,E4GSL_PUB,,,,,,,,,,,,,,,,,,,,,,,,0.32844825,,,,,
BAU,14,2040,TRMBSGSL,E4GSL_PUB,,,,,,,,,,,,,,,,,,,,,,,,0.33257678,,,,,
BAU,14,2041,TRMBSGSL,E4GSL_PUB,,,,,,,,,,,,,,,,,,,,,,,,0.33947028,,,,,
BAU,14,2042,TRMBSGSL,E4GSL_PUB,,,,,,,,,,,,,,,,,,,,,,,,0.34691042,,,,,
BAU,14,2043,TRMBSGSL,E4GSL_PUB,,,,,,,,,,,,,,,,,,,,,,,,0.35377596,,,,,
BAU,14,2044,TRMBSGSL,E4GSL_PUB,,,,,,,,,,,,,,,,,,,,,,,,0.36173394,,,,,
BAU,14,2045,TRMBSGSL,E4GSL_PUB,,,,,,,,,,,,,,,,,,,,,,,,0.36912344,,,,,
BAU,14,2046,TRMBSGSL,E4GSL_PUB,,,,,,,,,,,,,,,,,,,,,,,,0.3764981,,,,,
BAU,14,2047,TRMBSGSL,E4GSL_PUB,,,,,,,,,,,,,,,,,,,,,,,,0.38440944,,,,,
BAU,14,2048,TRMBSGSL,E4GSL_PUB,,,,,,,,,,,,,,,,,,,,,,,,0.39230488,,,,,
BAU,14,2049,TRMBSGSL,E4GSL_PUB,,,,,,,,,,,,,,,,,,,,,,,,0.40018442,,,,,
BAU,14,2050,TRMBSGSL,E4GSL_PUB,,,,,,,,,,,,,,,,,,,,,,,,0.40804806,,,,,
BAU,14,2051,TRMBSGSL,E4GSL_PUB,,,,,,,,,,,,,,,,,,,,,,,,0.4153464,,,,,
BAU,14,2052,TRMBSGSL,E4GSL_PUB,,,,,,,,,,,,,,,,,,,,,,,,0.42208872,,,,,
BAU,14,2053,TRMBSGSL,E4GSL_PUB,,,,,,,,,,,,,,,,,,,,,,,,0.42935805,,,,,
BAU,14,2054,TRMBSGSL,E4GSL_PUB,,,,,,,,,,,,,,,,,,,,,,,,0.43661254,,,,,
BAU,14,2055,TRMBSGSL,E4GSL_PUB,,,,,,,,,,,,,,,,,,,,,,,,0.44385219,,,,,
BAU,14,2026,TRMBSELE,E4ELE_PUB,,,,,,,,,,,,,,,,,,,,,,,,0.00162,,,,,
BAU,14,2027,TRMBSELE,E4ELE_PUB,,,,,,,,,,,,,,,,,,,,,,,,0.00272915,,,,,
BAU,14,2028,TRMBSELE,E4ELE_PUB,,,,,,,,,,,,,,,,,,,,,,,,0.00441336,,,,,
BAU,14,2029,TRMBSELE,E4ELE_PUB,,,,,,,,,,,,,,,,,,,,,,,,0.0061325,,,,,
BAU,14,2030,TRMBSELE,E4ELE_PUB,,,,,,,,,,,,,,,,,,,,,,,,0.00788676,,,,,
BAU,14,2031,TRMBSELE,E4ELE_PUB,,,,,,,,,,,,,,,,,,,,,,,,0.01024506,,,,,
BAU,14,2032,TRMBSELE,E4ELE_PUB,,,,,,,,,,,,,,,,,,,,,,,,0.01265,,,,,
BAU,14,2033,TRMBSELE,E4ELE_PUB,,,,,,,,,,,,,,,,,,,,,,,,0.01510184,,,,,
BAU,14,2034,TRMBSELE,E4ELE_PUB,,,,,,,,,,,,,,,,,,,,,,,,0.01701343,,,,,
BAU,14,2035,TRMBSELE,E4ELE_PUB,,,,,,,,,,,,,,,,,,,,,,,,0.02014534,,,,,
BAU,14,2036,TRMBSELE,E4ELE_PUB,,,,,,,,,,,,,,,,,,,,,,,,0.02273692,,,,,
BAU,14,2037,TRMBSELE,E4ELE_PUB,,,,,,,,,,,,,,,,,,,,,,,,0.02597931,,,,,
BAU,14,2038,TRMBSELE,E4ELE_PUB,,,,,,,,,,,,,,,,,,,,,,,,0.02867047,,,,,
BAU,14,2039,TRMBSELE,E4ELE_PUB,,,,,,,,,,,,,,,,,,,,,,,,0.03202368,,,,,
BAU,14,2040,TRMBSELE,E4ELE_PUB,,,,,,,,,,,,,,,,,,,,,,,,0.03605744,,,,,
BAU,14,2041,TRMBSELE,E4ELE_PUB,,,,,,,,,,,,,,,,,,,,,,,,0.03890562,,,,,
BAU,14,2042,TRMBSELE,E4ELE_PUB,,,,,,,,,,,,,,,,,,,,,,,,0.0430678,,,,,
BAU,14,2043,TRMBSELE,E4ELE_PUB,,,,,,,,,,,,,,,,,,,,,,,,0.04729932,,,,,
BAU,14,2044,TRMBSELE,E4ELE_PUB,,,,,,,,,,,,,,,,,,,,,,,,0.0516008,,,,,
BAU,14,2045,TRMBSELE,E4ELE_PUB,,,,,,,,,,,,,,,,,,,,,,,,0.05532225,,,,,
BAU,14,2046,TRMBSELE,E4ELE_PUB,,,,,,,,,,,,,,,,,,,,,,,,0.05975788,,,,,
BAU,14,2047,TRMBSELE,E4ELE_PUB,,,,,,,,,,,,,,,,,,,,,,,,0.06426444,,,,,
BAU,14,2048,TRMBSELE,E4ELE_PUB,,,,,,,,,,,,,,,,,,,,,,,,0.0695084,,,,,
BAU,14,2049,TRMBSELE,E4ELE_PUB,,,,,,,,,,,,,,,,,,,,,,,,0.0741598,,,,,
BAU,14,2050,TRMBSELE,E4ELE_PUB,,,,,,,,,,,,,,,,,,,,,,,,0.07956234,,,,,
BAU,14,2051,TRMBSELE,E4ELE_PUB,,,,,,,,,,,,,,,,,,,,,,,,0.08161615,,,,,
BAU,14,2052,TRMBSELE,E4ELE_PUB,,,,,,,,,,,,,,,,,,,,,,,,0.08438618,,,,,
BAU,14,2053,TRMBSELE,E4ELE_PUB,,,,,,,,,,,,,,,,,,,,,,,,0.08579496,,,,,
BAU,14,2054,TRMBSELE,E4ELE_PUB,,,,,,,,,,,,,,,,,,,,,,,,0.0886221,,,,,
BAU,14,2055,TRMBSELE,E4ELE_PUB,,,,,,,,,,,,,,,,,,,,,,,,0.09077632,,,,,
BAU,14,2021,TRBPUDSL,E4DSL_PUB,,,,,,,,,,,,,,,,,,,,,,,,0.041879244,,,,,
BAU,14,2022,TRBPUDSL,E4DSL_PUB,,,,,,,,,,,,,,,,,,,,,,,,0.045272579,,,,,
BAU,14,2023,TRBPUDSL,E4DSL_PUB,,,,,,,,,,,,,,,,,,,,,,,,0.047335165,,,,,
BAU,14,2024,TRBPUDSL,E4DSL_PUB,,,,,,,,,,,,,,,,,,,,,,,,0.048146547,,,,,
BAU,14,2025,TRBPUDSL,E4DSL_PUB,,,,,,,,,,,,,,,,,,,,,,,,0.04934604,,,,,
BAU,14,2026,TRBPUDSL,E4DSL_PUB,,,,,,,,,,,,,,,,,,,,,,,,0.05021941,,,,,
BAU,14,2027,TRBPUDSL,E4DSL_PUB,,,,,,,,,,,,,,,,,,,,,,,,0.050916006,,,,,
BAU,14,2028,TRBPUDSL,E4DSL_PUB,,,,,,,,,,,,,,,,,,,,,,,,0.05210886,,,,,
BAU,14,2029,TRBPUDSL,E4DSL_PUB,,,,,,,,,,,,,,,,,,,,,,,,0.051722623,,,,,
BAU,14,2030,TRBPUDSL,E4DSL_PUB,,,,,,,,,,,,,,,,,,,,,,,,0.052315925,,,,,
BAU,14,2031,TRBPUDSL,E4DSL_PUB,,,,,,,,,,,,,,,,,,,,,,,,0.053385,,,,,
BAU,14,2032,TRBPUDSL,E4DSL_PUB,,,,,,,,,,,,,,,,,,,,,,,,0.054162321,,,,,
BAU,14,2033,TRBPUDSL,E4DSL_PUB,,,,,,,,,,,,,,,,,,,,,,,,0.054898508,,,,,
BAU,14,2034,TRBPUDSL,E4DSL_PUB,,,,,,,,,,,,,,,,,,,,,,,,0.055154324,,,,,
BAU,14,2035,TRBPUDSL,E4DSL_PUB,,,,,,,,,,,,,,,,,,,,,,,,0.05601969,,,,,
BAU,14,2036,TRBPUDSL,E4DSL_PUB,,,,,,,,,,,,,,,,,,,,,,,,0.05686036,,,,,
BAU,14,2037,TRBPUDSL,E4DSL_PUB,,,,,,,,,,,,,,,,,,,,,,,,0.05785396,,,,,
BAU,14,2038,TRBPUDSL,E4DSL_PUB,,,,,,,,,,,,,,,,,,,,,,,,0.058102203,,,,,
BAU,14,2039,TRBPUDSL,E4DSL_PUB,,,,,,,,,,,,,,,,,,,,,,,,0.05933928,,,,,
BAU,14,2040,TRBPUDSL,E4DSL_PUB,,,,,,,,,,,,,,,,,,,,,,,,0.060052218,,,,,
BAU,14,2041,TRBPUDSL,E4DSL_PUB,,,,,,,,,,,,,,,,,,,,,,,,0.06063602,,,,,
BAU,14,2042,TRBPUDSL,E4DSL_PUB,,,,,,,,,,,,,,,,,,,,,,,,0.0619872,,,,,
BAU,14,2043,TRBPUDSL,E4DSL_PUB,,,,,,,,,,,,,,,,,,,,,,,,0.062898157,,,,,
BAU,14,2044,TRBPUDSL,E4DSL_PUB,,,,,,,,,,,,,,,,,,,,,,,,0.064123054,,,,,
BAU,14,2045,TRBPUDSL,E4DSL_PUB,,,,,,,,,,,,,,,,,,,,,,,,0.064365342,,,,,
BAU,14,2046,TRBPUDSL,E4DSL_PUB,,,,,,,,,,,,,,,,,,,,,,,,0.06596074,,,,,
BAU,14,2047,TRBPUDSL,E4DSL_PUB,,,,,,,,,,,,,,,,,,,,,,,,0.0665988,,,,,
BAU,14,2048,TRBPUDSL,E4DSL_PUB,,,,,,,,,,,,,,,,,,,,,,,,0.06723552,,,,,
BAU,14,2049,TRBPUDSL,E4DSL_PUB,,,,,,,,,,,,,,,,,,,,,,,,0.06926931,,,,,
BAU,14,2050,TRBPUDSL,E4DSL_PUB,,,,,,,,,,,,,,,,,,,,,,,,0.069902,,,,,
BAU,14,2051,TRBPUDSL,E4DSL_PUB,,,,,,,,,,,,,,,,,,,,,,,,0.07193005,,,,,
BAU,14,2052,TRBPUDSL,E4DSL_PUB,,,,,,,,,,,,,,,,,,,,,,,,0.07255872,,,,,
BAU,14,2053,TRBPUDSL,E4DSL_PUB,,,,,,,,,,,,,,,,,,,,,,,,0.074579,,,,,
BAU,14,2054,TRBPUDSL,E4DSL_PUB,,,,,,,,,,,,,,,,,,,,,,,,0.07520364,,,,,
BAU,14,2055,TRBPUDSL,E4DSL_PUB,,,,,,,,,,,,,,,,,,,,,,,,0.07582694,,,,,
BAU,14,2029,TRBPUELE,E4ELE_PUB,,,,,,,,,,,,,,,,,,,,,,,,0.00040883,,,,,
BAU,14,2030,TRBPUELE,E4ELE_PUB,,,,,,,,,,,,,,,,,,,,,,,,0.00041311,,,,,
BAU,14,2031,TRBPUELE,E4ELE_PUB,,,,,,,,,,,,,,,,,,,,,,,,0.00041739,,,,,
BAU,14,2032,TRBPUELE,E4ELE_PUB,,,,,,,,,,,,,,,,,,,,,,,,0.00042167,,,,,
BAU,14,2033,TRBPUELE,E4ELE_PUB,,,,,,,,,,,,,,,,,,,,,,,,0.00042595,,,,,
BAU,14,2034,TRBPUELE,E4ELE_PUB,,,,,,,,,,,,,,,,,,,,,,,,0.00086046,,,,,
BAU,14,2035,TRBPUELE,E4ELE_PUB,,,,,,,,,,,,,,,,,,,,,,,,0.000869,,,,,
BAU,14,2036,TRBPUELE,E4ELE_PUB,,,,,,,,,,,,,,,,,,,,,,,,0.00087756,,,,,
BAU,14,2037,TRBPUELE,E4ELE_PUB,,,,,,,,,,,,,,,,,,,,,,,,0.00088612,,,,,
BAU,14,2038,TRBPUELE,E4ELE_PUB,,,,,,,,,,,,,,,,,,,,,,,,0.00134202,,,,,
BAU,14,2039,TRBPUELE,E4ELE_PUB,,,,,,,,,,,,,,,,,,,,,,,,0.00135486,,,,,
BAU,14,2040,TRBPUELE,E4ELE_PUB,,,,,,,,,,,,,,,,,,,,,,,,0.0013677,,,,,
BAU,14,2041,TRBPUELE,E4ELE_PUB,,,,,,,,,,,,,,,,,,,,,,,,0.00184068,,,,,
BAU,14,2042,TRBPUELE,E4ELE_PUB,,,,,,,,,,,,,,,,,,,,,,,,0.0018578,,,,,
BAU,14,2043,TRBPUELE,E4ELE_PUB,,,,,,,,,,,,,,,,,,,,,,,,0.00187492,,,,,
BAU,14,2044,TRBPUELE,E4ELE_PUB,,,,,,,,,,,,,,,,,,,,,,,,0.00189204,,,,,
BAU,14,2045,TRBPUELE,E4ELE_PUB,,,,,,,,,,,,,,,,,,,,,,,,0.00238645,,,,,
BAU,14,2046,TRBPUELE,E4ELE_PUB,,,,,,,,,,,,,,,,,,,,,,,,0.00240785,,,,,
BAU,14,2047,TRBPUELE,E4ELE_PUB,,,,,,,,,,,,,,,,,,,,,,,,0.00291504,,,,,
BAU,14,2048,TRBPUELE,E4ELE_PUB,,,,,,,,,,,,,,,,,,,,,,,,0.00294072,,,,,
BAU,14,2049,TRBPUELE,E4ELE_PUB,,,,,,,,,,,,,,,,,,,,,,,,0.0029664,,,,,
BAU,14,2050,TRBPUELE,E4ELE_PUB,,,,,,,,,,,,,,,,,,,,,,,,0.00299208,,,,,
BAU,14,2051,TRBPUELE,E4ELE_PUB,,,,,,,,,,,,,,,,,,,,,,,,0.00301776,,,,,
BAU,14,2052,TRBPUELE,E4ELE_PUB,,,,,,,,,,,,,,,,,,,,,,,,0.00304344,,,,,
BAU,14,2053,TRBPUELE,E4ELE_PUB,,,,,,,,,,,,,,,,,,,,,,,,0.00306906,,,,,
BAU,14,2054,TRBPUELE,E4ELE_PUB,,,,,,,,,,,,,,,,,,,,,,,,0.00309474,,,,,
BAU,14,2055,TRBPUELE,E4ELE_PUB,,,,,,,,,,,,,,,,,,,,,,,,0.00364049,,,,,
BAU,14,2021,TRYTKDSL,E4DSL_HEA,,,,,,,,,,,,,,,,,,,,,,,,7.5281836,,,,,
BAU,14,2022,TRYTKDSL,E4DSL_HEA,,,,,,,,,,,,,,,,,,,,,,,,8.144768,,,,,
BAU,14,2023,TRYTKDSL,E4DSL_HEA,,,,,,,,,,,,,,,,,,,,,,,,8.5246451,,,,,
BAU,14,2024,TRYTKDSL,E4DSL_HEA,,,,,,,,,,,,,,,,,,,,,,,,8.6888131,,,,,
BAU,14,2025,TRYTKDSL,E4DSL_HEA,,,,,,,,,,,,,,,,,,,,,,,,8.8567989,,,,,
BAU,14,2026,TRYTKDSL,E4DSL_HEA,,,,,,,,,,,,,,,,,,,,,,,,8.9427007,,,,,
BAU,14,2027,TRYTKDSL,E4DSL_HEA,,,,,,,,,,,,,,,,,,,,,,,,8.9412612,,,,,
BAU,14,2028,TRYTKDSL,E4DSL_HEA,,,,,,,,,,,,,,,,,,,,,,,,9.0268184,,,,,
BAU,14,2029,TRYTKDSL,E4DSL_HEA,,,,,,,,,,,,,,,,,,,,,,,,9.1091691,,,,,
BAU,14,2030,TRYTKDSL,E4DSL_HEA,,,,,,,,,,,,,,,,,,,,,,,,9.1886704,,,,,
BAU,14,2031,TRYTKDSL,E4DSL_HEA,,,,,,,,,,,,,,,,,,,,,,,,9.2832046,,,,,
BAU,14,2032,TRYTKDSL,E4DSL_HEA,,,,,,,,,,,,,,,,,,,,,,,,9.3743795,,,,,
BAU,14,2033,TRYTKDSL,E4DSL_HEA,,,,,,,,,,,,,,,,,,,,,,,,9.46094,,,,,
BAU,14,2034,TRYTKDSL,E4DSL_HEA,,,,,,,,,,,,,,,,,,,,,,,,9.5454248,,,,,
BAU,14,2035,TRYTKDSL,E4DSL_HEA,,,,,,,,,,,,,,,,,,,,,,,,9.626099,,,,,
BAU,14,2036,TRYTKDSL,E4DSL_HEA,,,,,,,,,,,,,,,,,,,,,,,,9.7411198,,,,,
BAU,14,2037,TRYTKDSL,E4DSL_HEA,,,,,,,,,,,,,,,,,,,,,,,,9.8521259,,,,,
BAU,14,2038,TRYTKDSL,E4DSL_HEA,,,,,,,,,,,,,,,,,,,,,,,,9.9578696,,,,,
BAU,14,2039,TRYTKDSL,E4DSL_HEA,,,,,,,,,,,,,,,,,,,,,,,,10.06088,,,,,
BAU,14,2040,TRYTKDSL,E4DSL_HEA,,,,,,,,,,,,,,,,,,,,,,,,10.158652,,,,,
BAU,14,2041,TRYTKDSL,E4DSL_HEA,,,,,,,,,,,,,,,,,,,,,,,,10.462777,,,,,
BAU,14,2042,TRYTKDSL,E4DSL_HEA,,,,,,,,,,,,,,,,,,,,,,,,10.768647,,,,,
BAU,14,2043,TRYTKDSL,E4DSL_HEA,,,,,,,,,,,,,,,,,,,,,,,,11.078921,,,,,
BAU,14,2044,TRYTKDSL,E4DSL_HEA,,,,,,,,,,,,,,,,,,,,,,,,11.391709,,,,,
BAU,14,2045,TRYTKDSL,E4DSL_HEA,,,,,,,,,,,,,,,,,,,,,,,,11.708876,,,,,
BAU,14,2046,TRYTKDSL,E4DSL_HEA,,,,,,,,,,,,,,,,,,,,,,,,12.054757,,,,,
BAU,14,2047,TRYTKDSL,E4DSL_HEA,,,,,,,,,,,,,,,,,,,,,,,,12.404516,,,,,
BAU,14,2048,TRYTKDSL,E4DSL_HEA,,,,,,,,,,,,,,,,,,,,,,,,12.75775,,,,,
BAU,14,2049,TRYTKDSL,E4DSL_HEA,,,,,,,,,,,,,,,,,,,,,,,,13.114638,,,,,
BAU,14,2050,TRYTKDSL,E4DSL_HEA,,,,,,,,,,,,,,,,,,,,,,,,13.475169,,,,,
BAU,14,2051,TRYTKDSL,E4DSL_HEA,,,,,,,,,,,,,,,,,,,,,,,,13.767873,,,,,
BAU,14,2052,TRYTKDSL,E4DSL_HEA,,,,,,,,,,,,,,,,,,,,,,,,14.067436,,,,,
BAU,14,2053,TRYTKDSL,E4DSL_HEA,,,,,,,,,,,,,,,,,,,,,,,,14.374068,,,,,
BAU,14,2054,TRYTKDSL,E4DSL_HEA,,,,,,,,,,,,,,,,,,,,,,,,14.68605,,,,,
BAU,14,2055,TRYTKDSL,E4DSL_HEA,,,,,,,,,,,,,,,,,,,,,,,,15.005447,,,,,
BAU,14,2021,TRYTKFOI,E4FOI_HEA,,,,,,,,,,,,,,,,,,,,,,,,0.0144,,,,,
BAU,14,2022,TRYTKFOI,E4FOI_HEA,,,,,,,,,,,,,,,,,,,,,,,,0.0156,,,,,
BAU,14,2023,TRYTKFOI,E4FOI_HEA,,,,,,,,,,,,,,,,,,,,,,,,0.016303584,,,,,
BAU,14,2024,TRYTKFOI,E4FOI_HEA,,,,,,,,,,,,,,,,,,,,,,,,0.01652509,,,,,
BAU,14,2025,TRYTKFOI,E4FOI_HEA,,,,,,,,,,,,,,,,,,,,,,,,0.0169,,,,,
BAU,14,2026,TRYTKFOI,E4FOI_HEA,,,,,,,,,,,,,,,,,,,,,,,,0.030513978,,,,,
BAU,14,2027,TRYTKFOI,E4FOI_HEA,,,,,,,,,,,,,,,,,,,,,,,,0.058983871,,,,,
BAU,14,2028,TRYTKFOI,E4FOI_HEA,,,,,,,,,,,,,,,,,,,,,,,,0.0739,,,,,
BAU,14,2029,TRYTKFOI,E4FOI_HEA,,,,,,,,,,,,,,,,,,,,,,,,0.0893,,,,,
BAU,14,2030,TRYTKFOI,E4FOI_HEA,,,,,,,,,,,,,,,,,,,,,,,,0.10523118,,,,,
BAU,14,2031,TRYTKFOI,E4FOI_HEA,,,,,,,,,,,,,,,,,,,,,,,,0.12200466,,,,,
BAU,14,2032,TRYTKFOI,E4FOI_HEA,,,,,,,,,,,,,,,,,,,,,,,,0.1394,,,,,
BAU,14,2033,TRYTKFOI,E4FOI_HEA,,,,,,,,,,,,,,,,,,,,,,,,0.15754731,,,,,
BAU,14,2034,TRYTKFOI,E4FOI_HEA,,,,,,,,,,,,,,,,,,,,,,,,0.17612545,,,,,
BAU,14,2035,TRYTKFOI,E4FOI_HEA,,,,,,,,,,,,,,,,,,,,,,,,0.19540215,,,,,
BAU,14,2036,TRYTKFOI,E4FOI_HEA,,,,,,,,,,,,,,,,,,,,,,,,0.21611434,,,,,
BAU,14,2037,TRYTKFOI,E4FOI_HEA,,,,,,,,,,,,,,,,,,,,,,,,0.2376,,,,,
BAU,14,2038,TRYTKFOI,E4FOI_HEA,,,,,,,,,,,,,,,,,,,,,,,,0.25992401,,,,,
BAU,14,2039,TRYTKFOI,E4FOI_HEA,,,,,,,,,,,,,,,,,,,,,,,,0.28281254,,,,,
BAU,14,2040,TRYTKFOI,E4FOI_HEA,,,,,,,,,,,,,,,,,,,,,,,,0.3067,,,,,
BAU,14,2041,TRYTKFOI,E4FOI_HEA,,,,,,,,,,,,,,,,,,,,,,,,0.3045,,,,,
BAU,14,2042,TRYTKFOI,E4FOI_HEA,,,,,,,,,,,,,,,,,,,,,,,,0.302,,,,,
BAU,14,2043,TRYTKFOI,E4FOI_HEA,,,,,,,,,,,,,,,,,,,,,,,,0.2989,,,,,
BAU,14,2044,TRYTKFOI,E4FOI_HEA,,,,,,,,,,,,,,,,,,,,,,,,0.29545018,,,,,
BAU,14,2045,TRYTKFOI,E4FOI_HEA,,,,,,,,,,,,,,,,,,,,,,,,0.2914,,,,,
BAU,14,2046,TRYTKFOI,E4FOI_HEA,,,,,,,,,,,,,,,,,,,,,,,,0.2877,,,,,
BAU,14,2047,TRYTKFOI,E4FOI_HEA,,,,,,,,,,,,,,,,,,,,,,,,0.2834,,,,,
BAU,14,2048,TRYTKFOI,E4FOI_HEA,,,,,,,,,,,,,,,,,,,,,,,,0.2786,,,,,
BAU,14,2049,TRYTKFOI,E4FOI_HEA,,,,,,,,,,,,,,,,,,,,,,,,0.2733,,,,,
BAU,14,2050,TRYTKFOI,E4FOI_HEA,,,,,,,,,,,,,,,,,,,,,,,,0.2674,,,,,
BAU,14,2051,TRYTKFOI,E4FOI_HEA,,,,,,,,,,,,,,,,,,,,,,,,0.27355484,,,,,
BAU,14,2052,TRYTKFOI,E4FOI_HEA,,,,,,,,,,,,,,,,,,,,,,,,0.2798,,,,,
BAU,14,2053,TRYTKFOI,E4FOI_HEA,,,,,,,,,,,,,,,,,,,,,,,,0.2861,,,,,
BAU,14,2054,TRYTKFOI,E4FOI_HEA,,,,,,,,,,,,,,,,,,,,,,,,0.29265556,,,,,
BAU,14,2055,TRYTKFOI,E4FOI_HEA,,,,,,,,,,,,,,,,,,,,,,,,0.29930215,,,,,
BAU,14,2021,TRYLFDSL,E4DSL_LIG,,,,,,,,,,,,,,,,,,,,,,,,0.92409296,,,,,
BAU,14,2022,TRYLFDSL,E4DSL_LIG,,,,,,,,,,,,,,,,,,,,,,,,0.999635,,,,,
BAU,14,2023,TRYLFDSL,E4DSL_LIG,,,,,,,,,,,,,,,,,,,,,,,,1.0459347,,,,,
BAU,14,2024,TRYLFDSL,E4DSL_LIG,,,,,,,,,,,,,,,,,,,,,,,,1.0667182,,,,,
BAU,14,2025,TRYLFDSL,E4DSL_LIG,,,,,,,,,,,,,,,,,,,,,,,,1.0871463,,,,,
BAU,14,2026,TRYLFDSL,E4DSL_LIG,,,,,,,,,,,,,,,,,,,,,,,,1.1195637,,,,,
BAU,14,2027,TRYLFDSL,E4DSL_LIG,,,,,,,,,,,,,,,,,,,,,,,,1.1621912,,,,,
BAU,14,2028,TRYLFDSL,E4DSL_LIG,,,,,,,,,,,,,,,,,,,,,,,,1.1969193,,,,,
BAU,14,2029,TRYLFDSL,E4DSL_LIG,,,,,,,,,,,,,,,,,,,,,,,,1.2319661,,,,,
BAU,14,2030,TRYLFDSL,E4DSL_LIG,,,,,,,,,,,,,,,,,,,,,,,,1.2673424,,,,,
BAU,14,2031,TRYLFDSL,E4DSL_LIG,,,,,,,,,,,,,,,,,,,,,,,,1.3061117,,,,,
BAU,14,2032,TRYLFDSL,E4DSL_LIG,,,,,,,,,,,,,,,,,,,,,,,,1.3450634,,,,,
BAU,14,2033,TRYLFDSL,E4DSL_LIG,,,,,,,,,,,,,,,,,,,,,,,,1.3847819,,,,,
BAU,14,2034,TRYLFDSL,E4DSL_LIG,,,,,,,,,,,,,,,,,,,,,,,,1.4249531,,,,,
BAU,14,2035,TRYLFDSL,E4DSL_LIG,,,,,,,,,,,,,,,,,,,,,,,,1.4657544,,,,,
BAU,14,2036,TRYLFDSL,E4DSL_LIG,,,,,,,,,,,,,,,,,,,,,,,,1.5126314,,,,,
BAU,14,2037,TRYLFDSL,E4DSL_LIG,,,,,,,,,,,,,,,,,,,,,,,,1.5604482,,,,,
BAU,14,2038,TRYLFDSL,E4DSL_LIG,,,,,,,,,,,,,,,,,,,,,,,,1.6092019,,,,,
BAU,14,2039,TRYLFDSL,E4DSL_LIG,,,,,,,,,,,,,,,,,,,,,,,,1.6584238,,,,,
BAU,14,2040,TRYLFDSL,E4DSL_LIG,,,,,,,,,,,,,,,,,,,,,,,,1.7083963,,,,,
BAU,14,2041,TRYLFDSL,E4DSL_LIG,,,,,,,,,,,,,,,,,,,,,,,,1.7360003,,,,,
BAU,14,2042,TRYLFDSL,E4DSL_LIG,,,,,,,,,,,,,,,,,,,,,,,,1.7629348,,,,,
BAU,14,2043,TRYLFDSL,E4DSL_LIG,,,,,,,,,,,,,,,,,,,,,,,,1.7891032,,,,,
BAU,14,2044,TRYLFDSL,E4DSL_LIG,,,,,,,,,,,,,,,,,,,,,,,,1.8149552,,,,,
BAU,14,2045,TRYLFDSL,E4DSL_LIG,,,,,,,,,,,,,,,,,,,,,,,,1.8399503,,,,,
BAU,14,2046,TRYLFDSL,E4DSL_LIG,,,,,,,,,,,,,,,,,,,,,,,,1.8692128,,,,,
BAU,14,2047,TRYLFDSL,E4DSL_LIG,,,,,,,,,,,,,,,,,,,,,,,,1.8972926,,,,,
BAU,14,2048,TRYLFDSL,E4DSL_LIG,,,,,,,,,,,,,,,,,,,,,,,,1.9250998,,,,,
BAU,14,2049,TRYLFDSL,E4DSL_LIG,,,,,,,,,,,,,,,,,,,,,,,,1.9517677,,,,,
BAU,14,2050,TRYLFDSL,E4DSL_LIG,,,,,,,,,,,,,,,,,,,,,,,,1.9778614,,,,,
BAU,14,2051,TRYLFDSL,E4DSL_LIG,,,,,,,,,,,,,,,,,,,,,,,,2.0209087,,,,,
BAU,14,2052,TRYLFDSL,E4DSL_LIG,,,,,,,,,,,,,,,,,,,,,,,,2.0651822,,,,,
BAU,14,2053,TRYLFDSL,E4DSL_LIG,,,,,,,,,,,,,,,,,,,,,,,,2.1097089,,,,,
BAU,14,2054,TRYLFDSL,E4DSL_LIG,,,,,,,,,,,,,,,,,,,,,,,,2.1560977,,,,,
BAU,14,2055,TRYLFDSL,E4DSL_LIG,,,,,,,,,,,,,,,,,,,,,,,,2.2027851,,,,,
BAU,14,2021,TRYLFGSL,E4GSL_LIG,,,,,,,,,,,,,,,,,,,,,,,,0.87163296,,,,,
BAU,14,2022,TRYLFGSL,E4GSL_LIG,,,,,,,,,,,,,,,,,,,,,,,,0.94326176,,,,,
BAU,14,2023,TRYLFGSL,E4GSL_LIG,,,,,,,,,,,,,,,,,,,,,,,,0.98758208,,,,,
BAU,14,2024,TRYLFGSL,E4GSL_LIG,,,,,,,,,,,,,,,,,,,,,,,,1.005937,,,,,
BAU,14,2025,TRYLFGSL,E4GSL_LIG,,,,,,,,,,,,,,,,,,,,,,,,1.0256349,,,,,
BAU,14,2026,TRYLFGSL,E4GSL_LIG,,,,,,,,,,,,,,,,,,,,,,,,1.0314547,,,,,
BAU,14,2027,TRYLFGSL,E4GSL_LIG,,,,,,,,,,,,,,,,,,,,,,,,1.026909,,,,,
BAU,14,2028,TRYLFGSL,E4GSL_LIG,,,,,,,,,,,,,,,,,,,,,,,,1.0317536,,,,,
BAU,14,2029,TRYLFGSL,E4GSL_LIG,,,,,,,,,,,,,,,,,,,,,,,,1.0361408,,,,,
BAU,14,2030,TRYLFGSL,E4GSL_LIG,,,,,,,,,,,,,,,,,,,,,,,,1.040518,,,,,
BAU,14,2031,TRYLFGSL,E4GSL_LIG,,,,,,,,,,,,,,,,,,,,,,,,1.0462218,,,,,
BAU,14,2032,TRYLFGSL,E4GSL_LIG,,,,,,,,,,,,,,,,,,,,,,,,1.0514443,,,,,
BAU,14,2033,TRYLFGSL,E4GSL_LIG,,,,,,,,,,,,,,,,,,,,,,,,1.055789,,,,,
BAU,14,2034,TRYLFGSL,E4GSL_LIG,,,,,,,,,,,,,,,,,,,,,,,,1.0596794,,,,,
BAU,14,2035,TRYLFGSL,E4GSL_LIG,,,,,,,,,,,,,,,,,,,,,,,,1.0631165,,,,,
BAU,14,2036,TRYLFGSL,E4GSL_LIG,,,,,,,,,,,,,,,,,,,,,,,,1.0700931,,,,,
BAU,14,2037,TRYLFGSL,E4GSL_LIG,,,,,,,,,,,,,,,,,,,,,,,,1.0761685,,,,,
BAU,14,2038,TRYLFGSL,E4GSL_LIG,,,,,,,,,,,,,,,,,,,,,,,,1.0813451,,,,,
BAU,14,2039,TRYLFGSL,E4GSL_LIG,,,,,,,,,,,,,,,,,,,,,,,,1.0860678,,,,,
BAU,14,2040,TRYLFGSL,E4GSL_LIG,,,,,,,,,,,,,,,,,,,,,,,,1.0898959,,,,,
BAU,14,2041,TRYLFGSL,E4GSL_LIG,,,,,,,,,,,,,,,,,,,,,,,,1.1316727,,,,,
BAU,14,2042,TRYLFGSL,E4GSL_LIG,,,,,,,,,,,,,,,,,,,,,,,,1.1746908,,,,,
BAU,14,2043,TRYLFGSL,E4GSL_LIG,,,,,,,,,,,,,,,,,,,,,,,,1.2180378,,,,,
BAU,14,2044,TRYLFGSL,E4GSL_LIG,,,,,,,,,,,,,,,,,,,,,,,,1.2622068,,,,,
BAU,14,2045,TRYLFGSL,E4GSL_LIG,,,,,,,,,,,,,,,,,,,,,,,,1.308048,,,,,
BAU,14,2046,TRYLFGSL,E4GSL_LIG,,,,,,,,,,,,,,,,,,,,,,,,1.3564349,,,,,
BAU,14,2047,TRYLFGSL,E4GSL_LIG,,,,,,,,,,,,,,,,,,,,,,,,1.4060434,,,,,
BAU,14,2048,TRYLFGSL,E4GSL_LIG,,,,,,,,,,,,,,,,,,,,,,,,1.4564312,,,,,
BAU,14,2049,TRYLFGSL,E4GSL_LIG,,,,,,,,,,,,,,,,,,,,,,,,1.508034,,,,,
BAU,14,2050,TRYLFGSL,E4GSL_LIG,,,,,,,,,,,,,,,,,,,,,,,,1.5608479,,,,,
BAU,14,2051,TRYLFGSL,E4GSL_LIG,,,,,,,,,,,,,,,,,,,,,,,,1.5947597,,,,,
BAU,14,2052,TRYLFGSL,E4GSL_LIG,,,,,,,,,,,,,,,,,,,,,,,,1.6290402,,,,,
BAU,14,2053,TRYLFGSL,E4GSL_LIG,,,,,,,,,,,,,,,,,,,,,,,,1.664959,,,,,
BAU,14,2054,TRYLFGSL,E4GSL_LIG,,,,,,,,,,,,,,,,,,,,,,,,1.7004069,,,,,
BAU,14,2055,TRYLFGSL,E4GSL_LIG,,,,,,,,,,,,,,,,,,,,,,,,1.7379608,,,,,
BAU,14,2021,TRMARFOI,E4FOI_MAR,,,,,,,,,,,,,,,,,,,,,,,,0.26582283,,,,,
BAU,14,2022,TRMARFOI,E4FOI_MAR,,,,,,,,,,,,,,,,,,,,,,,,0.28759185,,,,,
BAU,14,2023,TRMARFOI,E4FOI_MAR,,,,,,,,,,,,,,,,,,,,,,,,0.30100707,,,,,
BAU,14,2024,TRMARFOI,E4FOI_MAR,,,,,,,,,,,,,,,,,,,,,,,,0.30678102,,,,,
BAU,14,2025,TRMARFOI,E4FOI_MAR,,,,,,,,,,,,,,,,,,,,,,,,0.31272696,,,,,
BAU,14,2026,TRMARFOI,E4FOI_MAR,,,,,,,,,,,,,,,,,,,,,,,,0.31874661,,,,,
BAU,14,2027,TRMARFOI,E4FOI_MAR,,,,,,,,,,,,,,,,,,,,,,,,0.3245019,,,,,
BAU,14,2028,TRMARFOI,E4FOI_MAR,,,,,,,,,,,,,,,,,,,,,,,,0.33011276,,,,,
BAU,14,2029,TRMARFOI,E4FOI_MAR,,,,,,,,,,,,,,,,,,,,,,,,0.335846,,,,,
BAU,14,2030,TRMARFOI,E4FOI_MAR,,,,,,,,,,,,,,,,,,,,,,,,0.34156944,,,,,
BAU,14,2031,TRMARFOI,E4FOI_MAR,,,,,,,,,,,,,,,,,,,,,,,,0.3478257,,,,,
BAU,14,2032,TRMARFOI,E4FOI_MAR,,,,,,,,,,,,,,,,,,,,,,,,0.354235,,,,,
BAU,14,2033,TRMARFOI,E4FOI_MAR,,,,,,,,,,,,,,,,,,,,,,,,0.36060893,,,,,
BAU,14,2034,TRMARFOI,E4FOI_MAR,,,,,,,,,,,,,,,,,,,,,,,,0.36697194,,,,,
BAU,14,2035,TRMARFOI,E4FOI_MAR,,,,,,,,,,,,,,,,,,,,,,,,0.37317084,,,,,
BAU,14,2036,TRMARFOI,E4FOI_MAR,,,,,,,,,,,,,,,,,,,,,,,,0.38099402,,,,,
BAU,14,2037,TRMARFOI,E4FOI_MAR,,,,,,,,,,,,,,,,,,,,,,,,0.38880384,,,,,
BAU,14,2038,TRMARFOI,E4FOI_MAR,,,,,,,,,,,,,,,,,,,,,,,,0.39643709,,,,,
BAU,14,2039,TRMARFOI,E4FOI_MAR,,,,,,,,,,,,,,,,,,,,,,,,0.40421685,,,,,
BAU,14,2040,TRMARFOI,E4FOI_MAR,,,,,,,,,,,,,,,,,,,,,,,,0.41198325,,,,,
BAU,14,2041,TRMARFOI,E4FOI_MAR,,,,,,,,,,,,,,,,,,,,,,,,0.42101626,,,,,
BAU,14,2042,TRMARFOI,E4FOI_MAR,,,,,,,,,,,,,,,,,,,,,,,,0.4302034,,,,,
BAU,14,2043,TRMARFOI,E4FOI_MAR,,,,,,,,,,,,,,,,,,,,,,,,0.4393506,,,,,
BAU,14,2044,TRMARFOI,E4FOI_MAR,,,,,,,,,,,,,,,,,,,,,,,,0.4483206,,,,,
BAU,14,2045,TRMARFOI,E4FOI_MAR,,,,,,,,,,,,,,,,,,,,,,,,0.45745654,,,,,
BAU,14,2046,TRMARFOI,E4FOI_MAR,,,,,,,,,,,,,,,,,,,,,,,,0.46761345,,,,,
BAU,14,2047,TRMARFOI,E4FOI_MAR,,,,,,,,,,,,,,,,,,,,,,,,0.47755456,,,,,
BAU,14,2048,TRMARFOI,E4FOI_MAR,,,,,,,,,,,,,,,,,,,,,,,,0.48767214,,,,,
BAU,14,2049,TRMARFOI,E4FOI_MAR,,,,,,,,,,,,,,,,,,,,,,,,0.49777224,,,,,
BAU,14,2050,TRMARFOI,E4FOI_MAR,,,,,,,,,,,,,,,,,,,,,,,,0.50785486,,,,,
BAU,14,2051,TRMARFOI,E4FOI_MAR,,,,,,,,,,,,,,,,,,,,,,,,0.51792011,,,,,
BAU,14,2052,TRMARFOI,E4FOI_MAR,,,,,,,,,,,,,,,,,,,,,,,,0.52841865,,,,,
BAU,14,2053,TRMARFOI,E4FOI_MAR,,,,,,,,,,,,,,,,,,,,,,,,0.5391145,,,,,
BAU,14,2054,TRMARFOI,E4FOI_MAR,,,,,,,,,,,,,,,,,,,,,,,,0.5498012,,,,,
BAU,14,2055,TRMARFOI,E4FOI_MAR,,,,,,,,,,,,,,,,,,,,,,,,0.560933,,,,,
BAU,14,2021,TRMAMFREFOI,E4FOI_MAM,,,,,,,,,,,,,,,,,,,,,,,,1.0819,,,,,
BAU,14,2022,TRMAMFREFOI,E4FOI_MAM,,,,,,,,,,,,,,,,,,,,,,,,1.1705,,,,,
BAU,14,2023,TRMAMFREFOI,E4FOI_MAM,,,,,,,,,,,,,,,,,,,,,,,,1.2251,,,,,
BAU,14,2024,TRMAMFREFOI,E4FOI_MAM,,,,,,,,,,,,,,,,,,,,,,,,1.2486,,,,,
BAU,14,2025,TRMAMFREFOI,E4FOI_MAM,,,,,,,,,,,,,,,,,,,,,,,,1.2728,,,,,
BAU,14,2026,TRMAMFREFOI,E4FOI_MAM,,,,,,,,,,,,,,,,,,,,,,,,1.2973,,,,,
BAU,14,2027,TRMAMFREFOI,E4FOI_MAM,,,,,,,,,,,,,,,,,,,,,,,,1.3218,,,,,
BAU,14,2028,TRMAMFREFOI,E4FOI_MAM,,,,,,,,,,,,,,,,,,,,,,,,1.3463,,,,,
BAU,14,2029,TRMAMFREFOI,E4FOI_MAM,,,,,,,,,,,,,,,,,,,,,,,,1.3708,,,,,
BAU,14,2030,TRMAMFREFOI,E4FOI_MAM,,,,,,,,,,,,,,,,,,,,,,,,1.3953,,,,,
BAU,14,2031,TRMAMFREFOI,E4FOI_MAM,,,,,,,,,,,,,,,,,,,,,,,,1.4226,,,,,
BAU,14,2032,TRMAMFREFOI,E4FOI_MAM,,,,,,,,,,,,,,,,,,,,,,,,1.45,,,,,
BAU,14,2033,TRMAMFREFOI,E4FOI_MAM,,,,,,,,,,,,,,,,,,,,,,,,1.4773,,,,,
BAU,14,2034,TRMAMFREFOI,E4FOI_MAM,,,,,,,,,,,,,,,,,,,,,,,,1.5046,,,,,
BAU,14,2035,TRMAMFREFOI,E4FOI_MAM,,,,,,,,,,,,,,,,,,,,,,,,1.5319,,,,,
BAU,14,2036,TRMAMFREFOI,E4FOI_MAM,,,,,,,,,,,,,,,,,,,,,,,,1.5653,,,,,
BAU,14,2037,TRMAMFREFOI,E4FOI_MAM,,,,,,,,,,,,,,,,,,,,,,,,1.5987,,,,,
BAU,14,2038,TRMAMFREFOI,E4FOI_MAM,,,,,,,,,,,,,,,,,,,,,,,,1.6321,,,,,
BAU,14,2039,TRMAMFREFOI,E4FOI_MAM,,,,,,,,,,,,,,,,,,,,,,,,1.6655,,,,,
BAU,14,2040,TRMAMFREFOI,E4FOI_MAM,,,,,,,,,,,,,,,,,,,,,,,,1.6989,,,,,
BAU,14,2041,TRMAMFREFOI,E4FOI_MAM,,,,,,,,,,,,,,,,,,,,,,,,1.7383,,,,,
BAU,14,2042,TRMAMFREFOI,E4FOI_MAM,,,,,,,,,,,,,,,,,,,,,,,,1.7777,,,,,
BAU,14,2043,TRMAMFREFOI,E4FOI_MAM,,,,,,,,,,,,,,,,,,,,,,,,1.817,,,,,
BAU,14,2044,TRMAMFREFOI,E4FOI_MAM,,,,,,,,,,,,,,,,,,,,,,,,1.8564,,,,,
BAU,14,2045,TRMAMFREFOI,E4FOI_MAM,,,,,,,,,,,,,,,,,,,,,,,,1.8958,,,,,
BAU,14,2046,TRMAMFREFOI,E4FOI_MAM,,,,,,,,,,,,,,,,,,,,,,,,1.9395,,,,,
BAU,14,2047,TRMAMFREFOI,E4FOI_MAM,,,,,,,,,,,,,,,,,,,,,,,,1.9832,,,,,
BAU,14,2048,TRMAMFREFOI,E4FOI_MAM,,,,,,,,,,,,,,,,,,,,,,,,2.0269,,,,,
BAU,14,2049,TRMAMFREFOI,E4FOI_MAM,,,,,,,,,,,,,,,,,,,,,,,,2.0706,,,,,
BAU,14,2050,TRMAMFREFOI,E4FOI_MAM,,,,,,,,,,,,,,,,,,,,,,,,2.1143,,,,,
BAU,14,2051,TRMAMFREFOI,E4FOI_MAM,,,,,,,,,,,,,,,,,,,,,,,,2.1589,,,,,
BAU,14,2052,TRMAMFREFOI,E4FOI_MAM,,,,,,,,,,,,,,,,,,,,,,,,2.2045,,,,,
BAU,14,2053,TRMAMFREFOI,E4FOI_MAM,,,,,,,,,,,,,,,,,,,,,,,,2.251,,,,,
BAU,14,2054,TRMAMFREFOI,E4FOI_MAM,,,,,,,,,,,,,,,,,,,,,,,,2.2985,,,,,
BAU,14,2055,TRMAMFREFOI,E4FOI_MAM,,,,,,,,,,,,,,,,,,,,,,,,2.347,,,,,
BAU,14,2021,TRAVKER,E4KER_AVI,,,,,,,,,,,,,,,,,,,,,,,,1.0819,,,,,
BAU,14,2022,TRAVKER,E4KER_AVI,,,,,,,,,,,,,,,,,,,,,,,,1.1705,,,,,
BAU,14,2023,TRAVKER,E4KER_AVI,,,,,,,,,,,,,,,,,,,,,,,,1.2251,,,,,
BAU,14,2024,TRAVKER,E4KER_AVI,,,,,,,,,,,,,,,,,,,,,,,,1.2486,,,,,
BAU,14,2025,TRAVKER,E4KER_AVI,,,,,,,,,,,,,,,,,,,,,,,,1.2728,,,,,
BAU,14,2026,TRAVKER,E4KER_AVI,,,,,,,,,,,,,,,,,,,,,,,,1.2973,,,,,
BAU,14,2027,TRAVKER,E4KER_AVI,,,,,,,,,,,,,,,,,,,,,,,,1.3218,,,,,
BAU,14,2028,TRAVKER,E4KER_AVI,,,,,,,,,,,,,,,,,,,,,,,,1.3463,,,,,
BAU,14,2029,TRAVKER,E4KER_AVI,,,,,,,,,,,,,,,,,,,,,,,,1.3708,,,,,
BAU,14,2030,TRAVKER,E4KER_AVI,,,,,,,,,,,,,,,,,,,,,,,,1.3953,,,,,
BAU,14,2031,TRAVKER,E4KER_AVI,,,,,,,,,,,,,,,,,,,,,,,,1.4226,,,,,
BAU,14,2032,TRAVKER,E4KER_AVI,,,,,,,,,,,,,,,,,,,,,,,,1.45,,,,,
BAU,14,2033,TRAVKER,E4KER_AVI,,,,,,,,,,,,,,,,,,,,,,,,1.4773,,,,,
BAU,14,2034,TRAVKER,E4KER_AVI,,,,,,,,,,,,,,,,,,,,,,,,1.5046,,,,,
BAU,14,2035,TRAVKER,E4KER_AVI,,,,,,,,,,,,,,,,,,,,,,,,1.5319,,,,,
BAU,14,2036,TRAVKER,E4KER_AVI,,,,,,,,,,,,,,,,,,,,,,,,1.5653,,,,,
BAU,14,2037,TRAVKER,E4KER_AVI,,,,,,,,,,,,,,,,,,,,,,,,1.5987,,,,,
BAU,14,2038,TRAVKER,E4KER_AVI,,,,,,,,,,,,,,,,,,,,,,,,1.6321,,,,,
BAU,14,2039,TRAVKER,E4KER_AVI,,,,,,,,,,,,,,,,,,,,,,,,1.6655,,,,,
BAU,14,2040,TRAVKER,E4KER_AVI,,,,,,,,,,,,,,,,,,,,,,,,1.6989,,,,,
BAU,14,2041,TRAVKER,E4KER_AVI,,,,,,,,,,,,,,,,,,,,,,,,1.7383,,,,,
BAU,14,2042,TRAVKER,E4KER_AVI,,,,,,,,,,,,,,,,,,,,,,,,1.7777,,,,,
BAU,14,2043,TRAVKER,E4KER_AVI,,,,,,,,,,,,,,,,,,,,,,,,1.817,,,,,
BAU,14,2044,TRAVKER,E4KER_AVI,,,,,,,,,,,,,,,,,,,,,,,,1.8564,,,,,
BAU,14,2045,TRAVKER,E4KER_AVI,,,,,,,,,,,,,,,,,,,,,,,,1.8958,,,,,
BAU,14,2046,TRAVKER,E4KER_AVI,,,,,,,,,,,,,,,,,,,,,,,,1.9395,,,,,
BAU,14,2047,TRAVKER,E4KER_AVI,,,,,,,,,,,,,,,,,,,,,,,,1.9832,,,,,
BAU,14,2048,TRAVKER,E4KER_AVI,,,,,,,,,,,,,,,,,,,,,,,,2.0269,,,,,
BAU,14,2049,TRAVKER,E4KER_AVI,,,,,,,,,,,,,,,,,,,,,,,,2.0706,,,,,
BAU,14,2050,TRAVKER,E4KER_AVI,,,,,,,,,,,,,,,,,,,,,,,,2.1143,,,,,
BAU,14,2051,TRAVKER,E4KER_AVI,,,,,,,,,,,,,,,,,,,,,,,,2.1589,,,,,
BAU,14,2052,TRAVKER,E4KER_AVI,,,,,,,,,,,,,,,,,,,,,,,,2.2045,,,,,
BAU,14,2053,TRAVKER,E4KER_AVI,,,,,,,,,,,,,,,,,,,,,,,,2.251,,,,,
BAU,14,2054,TRAVKER,E4KER_AVI,,,,,,,,,,,,,,,,,,,,,,,,2.2985,,,,,
BAU,14,2055,TRAVKER,E4KER_AVI,,,,,,,,,,,,,,,,,,,,,,,,2.347,,,,,
BAU,14,2021,Techs_Auto,E5TRAUT,,,,,,,,,,,,,,,,,,,,,,,,5.0204,,,,,
BAU,14,2022,Techs_Auto,E5TRAUT,,,,,,,,,,,,,,,,,,,,,,,,5.4315,,,,,
BAU,14,2023,Techs_Auto,E5TRAUT,,,,,,,,,,,,,,,,,,,,,,,,5.6849,,,,,
BAU,14,2024,Techs_Auto,E5TRAUT,,,,,,,,,,,,,,,,,,,,,,,,5.794,,,,,
BAU,14,2025,Techs_Auto,E5TRAUT,,,,,,,,,,,,,,,,,,,,,,,,5.9062,,,,,
BAU,14,2026,Techs_Auto,E5TRAUT,,,,,,,,,,,,,,,,,,,,,,,,6.0199,,,,,
BAU,14,2027,Techs_Auto,E5TRAUT,,,,,,,,,,,,,,,,,,,,,,,,6.116,,,,,
BAU,14,2028,Techs_Auto,E5TRAUT,,,,,,,,,,,,,,,,,,,,,,,,6.2116,,,,,
BAU,14,2029,Techs_Auto,E5TRAUT,,,,,,,,,,,,,,,,,,,,,,,,6.3065,,,,,
BAU,14,2030,Techs_Auto,E5TRAUT,,,,,,,,,,,,,,,,,,,,,,,,6.4006,,,,,
BAU,14,2031,Techs_Auto,E5TRAUT,,,,,,,,,,,,,,,,,,,,,,,,6.5071,,,,,
BAU,14,2032,Techs_Auto,E5TRAUT,,,,,,,,,,,,,,,,,,,,,,,,6.6127,,,,,
BAU,14,2033,Techs_Auto,E5TRAUT,,,,,,,,,,,,,,,,,,,,,,,,6.7176,,,,,
BAU,14,2034,Techs_Auto,E5TRAUT,,,,,,,,,,,,,,,,,,,,,,,,6.822,,,,,
BAU,14,2035,Techs_Auto,E5TRAUT,,,,,,,,,,,,,,,,,,,,,,,,6.9255,,,,,
BAU,14,2036,Techs_Auto,E5TRAUT,,,,,,,,,,,,,,,,,,,,,,,,7.0556,,,,,
BAU,14,2037,Techs_Auto,E5TRAUT,,,,,,,,,,,,,,,,,,,,,,,,7.185,,,,,
BAU,14,2038,Techs_Auto,E5TRAUT,,,,,,,,,,,,,,,,,,,,,,,,7.3134,,,,,
BAU,14,2039,Techs_Auto,E5TRAUT,,,,,,,,,,,,,,,,,,,,,,,,7.4409,,,,,
BAU,14,2040,Techs_Auto,E5TRAUT,,,,,,,,,,,,,,,,,,,,,,,,7.5676,,,,,
BAU,14,2041,Techs_Auto,E5TRAUT,,,,,,,,,,,,,,,,,,,,,,,,7.7198,,,,,
BAU,14,2042,Techs_Auto,E5TRAUT,,,,,,,,,,,,,,,,,,,,,,,,7.8711,,,,,
BAU,14,2043,Techs_Auto,E5TRAUT,,,,,,,,,,,,,,,,,,,,,,,,8.0213,,,,,
BAU,14,2044,Techs_Auto,E5TRAUT,,,,,,,,,,,,,,,,,,,,,,,,8.1704,,,,,
BAU,14,2045,Techs_Auto,E5TRAUT,,,,,,,,,,,,,,,,,,,,,,,,8.3185,,,,,
BAU,14,2046,Techs_Auto,E5TRAUT,,,,,,,,,,,,,,,,,,,,,,,,8.4845,,,,,
BAU,14,2047,Techs_Auto,E5TRAUT,,,,,,,,,,,,,,,,,,,,,,,,8.6492,,,,,
BAU,14,2048,Techs_Auto,E5TRAUT,,,,,,,,,,,,,,,,,,,,,,,,8.8129,,,,,
BAU,14,2049,Techs_Auto,E5TRAUT,,,,,,,,,,,,,,,,,,,,,,,,8.9754,,,,,
BAU,14,2050,Techs_Auto,E5TRAUT,,,,,,,,,,,,,,,,,,,,,,,,9.1368,,,,,
BAU,14,2051,Techs_Auto,E5TRAUT,,,,,,,,,,,,,,,,,,,,,,,,9.3009,,,,,
BAU,14,2052,Techs_Auto,E5TRAUT,,,,,,,,,,,,,,,,,,,,,,,,9.4679,,,,,
BAU,14,2053,Techs_Auto,E5TRAUT,,,,,,,,,,,,,,,,,,,,,,,,9.6378,,,,,
BAU,14,2054,Techs_Auto,E5TRAUT,,,,,,,,,,,,,,,,,,,,,,,,9.8106,,,,,
BAU,14,2055,Techs_Auto,E5TRAUT,,,,,,,,,,,,,,,,,,,,,,,,9.9865,,,,,
BAU,14,2021,Techs_Motos,E5TRMOT,,,,,,,,,,,,,,,,,,,,,,,,0.3664,,,,,
BAU,14,2022,Techs_Motos,E5TRMOT,,,,,,,,,,,,,,,,,,,,,,,,0.3964,,,,,
BAU,14,2023,Techs_Motos,E5TRMOT,,,,,,,,,,,,,,,,,,,,,,,,0.4149,,,,,
BAU,14,2024,Techs_Motos,E5TRMOT,,,,,,,,,,,,,,,,,,,,,,,,0.42283636,,,,,
BAU,14,2025,Techs_Motos,E5TRMOT,,,,,,,,,,,,,,,,,,,,,,,,0.43107273,,,,,
BAU,14,2026,Techs_Motos,E5TRMOT,,,,,,,,,,,,,,,,,,,,,,,,0.43933636,,,,,
BAU,14,2027,Techs_Motos,E5TRMOT,,,,,,,,,,,,,,,,,,,,,,,,0.4464,,,,,
BAU,14,2028,Techs_Motos,E5TRMOT,,,,,,,,,,,,,,,,,,,,,,,,0.4533,,,,,
BAU,14,2029,Techs_Motos,E5TRMOT,,,,,,,,,,,,,,,,,,,,,,,,0.4602,,,,,
BAU,14,2030,Techs_Motos,E5TRMOT,,,,,,,,,,,,,,,,,,,,,,,,0.4671,,,,,
BAU,14,2031,Techs_Motos,E5TRMOT,,,,,,,,,,,,,,,,,,,,,,,,0.4749,,,,,
BAU,14,2032,Techs_Motos,E5TRMOT,,,,,,,,,,,,,,,,,,,,,,,,0.4826,,,,,
BAU,14,2033,Techs_Motos,E5TRMOT,,,,,,,,,,,,,,,,,,,,,,,,0.4903,,,,,
BAU,14,2034,Techs_Motos,E5TRMOT,,,,,,,,,,,,,,,,,,,,,,,,0.4978,,,,,
BAU,14,2035,Techs_Motos,E5TRMOT,,,,,,,,,,,,,,,,,,,,,,,,0.5054,,,,,
BAU,14,2036,Techs_Motos,E5TRMOT,,,,,,,,,,,,,,,,,,,,,,,,0.5149,,,,,
BAU,14,2037,Techs_Motos,E5TRMOT,,,,,,,,,,,,,,,,,,,,,,,,0.52438182,,,,,
BAU,14,2038,Techs_Motos,E5TRMOT,,,,,,,,,,,,,,,,,,,,,,,,0.5337,,,,,
BAU,14,2039,Techs_Motos,E5TRMOT,,,,,,,,,,,,,,,,,,,,,,,,0.54300909,,,,,
BAU,14,2040,Techs_Motos,E5TRMOT,,,,,,,,,,,,,,,,,,,,,,,,0.5522,,,,,
BAU,14,2041,Techs_Motos,E5TRMOT,,,,,,,,,,,,,,,,,,,,,,,,0.5634,,,,,
BAU,14,2042,Techs_Motos,E5TRMOT,,,,,,,,,,,,,,,,,,,,,,,,0.57451818,,,,,
BAU,14,2043,Techs_Motos,E5TRMOT,,,,,,,,,,,,,,,,,,,,,,,,0.58540909,,,,,
BAU,14,2044,Techs_Motos,E5TRMOT,,,,,,,,,,,,,,,,,,,,,,,,0.59636364,,,,,
BAU,14,2045,Techs_Motos,E5TRMOT,,,,,,,,,,,,,,,,,,,,,,,,0.6071,,,,,
BAU,14,2046,Techs_Motos,E5TRMOT,,,,,,,,,,,,,,,,,,,,,,,,0.6192,,,,,
BAU,14,2047,Techs_Motos,E5TRMOT,,,,,,,,,,,,,,,,,,,,,,,,0.6312,,,,,
BAU,14,2048,Techs_Motos,E5TRMOT,,,,,,,,,,,,,,,,,,,,,,,,0.6431,,,,,
BAU,14,2049,Techs_Motos,E5TRMOT,,,,,,,,,,,,,,,,,,,,,,,,0.655,,,,,
BAU,14,2050,Techs_Motos,E5TRMOT,,,,,,,,,,,,,,,,,,,,,,,,0.6668,,,,,
BAU,14,2051,Techs_Motos,E5TRMOT,,,,,,,,,,,,,,,,,,,,,,,,0.6787,,,,,
BAU,14,2052,Techs_Motos,E5TRMOT,,,,,,,,,,,,,,,,,,,,,,,,0.6909,,,,,
BAU,14,2053,Techs_Motos,E5TRMOT,,,,,,,,,,,,,,,,,,,,,,,,0.7033,,,,,
BAU,14,2054,Techs_Motos,E5TRMOT,,,,,,,,,,,,,,,,,,,,,,,,0.716,,,,,
BAU,14,2055,Techs_Motos,E5TRMOT,,,,,,,,,,,,,,,,,,,,,,,,0.7288,,,,,
BAU,14,2021,Techs_SUV,E5TRSUV,,,,,,,,,,,,,,,,,,,,,,,,0.3555,,,,,
BAU,14,2022,Techs_SUV,E5TRSUV,,,,,,,,,,,,,,,,,,,,,,,,0.3846,,,,,
BAU,14,2023,Techs_SUV,E5TRSUV,,,,,,,,,,,,,,,,,,,,,,,,0.4026,,,,,
BAU,14,2024,Techs_SUV,E5TRSUV,,,,,,,,,,,,,,,,,,,,,,,,0.4103,,,,,
BAU,14,2025,Techs_SUV,E5TRSUV,,,,,,,,,,,,,,,,,,,,,,,,0.4182,,,,,
BAU,14,2026,Techs_SUV,E5TRSUV,,,,,,,,,,,,,,,,,,,,,,,,0.4263,,,,,
BAU,14,2027,Techs_SUV,E5TRSUV,,,,,,,,,,,,,,,,,,,,,,,,0.4331,,,,,
BAU,14,2028,Techs_SUV,E5TRSUV,,,,,,,,,,,,,,,,,,,,,,,,0.4399,,,,,
BAU,14,2029,Techs_SUV,E5TRSUV,,,,,,,,,,,,,,,,,,,,,,,,0.44658125,,,,,
BAU,14,2030,Techs_SUV,E5TRSUV,,,,,,,,,,,,,,,,,,,,,,,,0.45330625,,,,,
BAU,14,2031,Techs_SUV,E5TRSUV,,,,,,,,,,,,,,,,,,,,,,,,0.4608,,,,,
BAU,14,2032,Techs_SUV,E5TRSUV,,,,,,,,,,,,,,,,,,,,,,,,0.4683,,,,,
BAU,14,2033,Techs_SUV,E5TRSUV,,,,,,,,,,,,,,,,,,,,,,,,0.47573125,,,,,
BAU,14,2034,Techs_SUV,E5TRSUV,,,,,,,,,,,,,,,,,,,,,,,,0.4831,,,,,
BAU,14,2035,Techs_SUV,E5TRSUV,,,,,,,,,,,,,,,,,,,,,,,,0.49044375,,,,,
BAU,14,2036,Techs_SUV,E5TRSUV,,,,,,,,,,,,,,,,,,,,,,,,0.4997,,,,,
BAU,14,2037,Techs_SUV,E5TRSUV,,,,,,,,,,,,,,,,,,,,,,,,0.5088,,,,,
BAU,14,2038,Techs_SUV,E5TRSUV,,,,,,,,,,,,,,,,,,,,,,,,0.5179,,,,,
BAU,14,2039,Techs_SUV,E5TRSUV,,,,,,,,,,,,,,,,,,,,,,,,0.5269,,,,,
BAU,14,2040,Techs_SUV,E5TRSUV,,,,,,,,,,,,,,,,,,,,,,,,0.5359,,,,,
BAU,14,2041,Techs_SUV,E5TRSUV,,,,,,,,,,,,,,,,,,,,,,,,0.5467,,,,,
BAU,14,2042,Techs_SUV,E5TRSUV,,,,,,,,,,,,,,,,,,,,,,,,0.5573,,,,,
BAU,14,2043,Techs_SUV,E5TRSUV,,,,,,,,,,,,,,,,,,,,,,,,0.568,,,,,
BAU,14,2044,Techs_SUV,E5TRSUV,,,,,,,,,,,,,,,,,,,,,,,,0.5785,,,,,
BAU,14,2045,Techs_SUV,E5TRSUV,,,,,,,,,,,,,,,,,,,,,,,,0.5891,,,,,
BAU,14,2046,Techs_SUV,E5TRSUV,,,,,,,,,,,,,,,,,,,,,,,,0.6008,,,,,
BAU,14,2047,Techs_SUV,E5TRSUV,,,,,,,,,,,,,,,,,,,,,,,,0.61255,,,,,
BAU,14,2048,Techs_SUV,E5TRSUV,,,,,,,,,,,,,,,,,,,,,,,,0.6240875,,,,,
BAU,14,2049,Techs_SUV,E5TRSUV,,,,,,,,,,,,,,,,,,,,,,,,0.6356,,,,,
BAU,14,2050,Techs_SUV,E5TRSUV,,,,,,,,,,,,,,,,,,,,,,,,0.647,,,,,
BAU,14,2051,Techs_SUV,E5TRSUV,,,,,,,,,,,,,,,,,,,,,,,,0.658675,,,,,
BAU,14,2052,Techs_SUV,E5TRSUV,,,,,,,,,,,,,,,,,,,,,,,,0.6705,,,,,
BAU,14,2053,Techs_SUV,E5TRSUV,,,,,,,,,,,,,,,,,,,,,,,,0.6825,,,,,
BAU,14,2054,Techs_SUV,E5TRSUV,,,,,,,,,,,,,,,,,,,,,,,,0.6947,,,,,
BAU,14,2055,Techs_SUV,E5TRSUV,,,,,,,,,,,,,,,,,,,,,,,,0.70716875,,,,,
BAU,14,2021,Techs_Taxi,E5TRTAX,,,,,,,,,,,,,,,,,,,,,,,,0.8712,,,,,
BAU,14,2022,Techs_Taxi,E5TRTAX,,,,,,,,,,,,,,,,,,,,,,,,0.9426,,,,,
BAU,14,2023,Techs_Taxi,E5TRTAX,,,,,,,,,,,,,,,,,,,,,,,,0.9865,,,,,
BAU,14,2024,Techs_Taxi,E5TRTAX,,,,,,,,,,,,,,,,,,,,,,,,1.0055,,,,,
BAU,14,2025,Techs_Taxi,E5TRTAX,,,,,,,,,,,,,,,,,,,,,,,,1.025,,,,,
BAU,14,2026,Techs_Taxi,E5TRTAX,,,,,,,,,,,,,,,,,,,,,,,,1.0447,,,,,
BAU,14,2027,Techs_Taxi,E5TRTAX,,,,,,,,,,,,,,,,,,,,,,,,1.0614,,,,,
BAU,14,2028,Techs_Taxi,E5TRTAX,,,,,,,,,,,,,,,,,,,,,,,,1.0779,,,,,
BAU,14,2029,Techs_Taxi,E5TRTAX,,,,,,,,,,,,,,,,,,,,,,,,1.0944,,,,,
BAU,14,2030,Techs_Taxi,E5TRTAX,,,,,,,,,,,,,,,,,,,,,,,,1.1107,,,,,
BAU,14,2031,Techs_Taxi,E5TRTAX,,,,,,,,,,,,,,,,,,,,,,,,1.1291,,,,,
BAU,14,2032,Techs_Taxi,E5TRTAX,,,,,,,,,,,,,,,,,,,,,,,,1.1476,,,,,
BAU,14,2033,Techs_Taxi,E5TRTAX,,,,,,,,,,,,,,,,,,,,,,,,1.1658,,,,,
BAU,14,2034,Techs_Taxi,E5TRTAX,,,,,,,,,,,,,,,,,,,,,,,,1.184,,,,,
BAU,14,2035,Techs_Taxi,E5TRTAX,,,,,,,,,,,,,,,,,,,,,,,,1.2018,,,,,
BAU,14,2036,Techs_Taxi,E5TRTAX,,,,,,,,,,,,,,,,,,,,,,,,1.2244,,,,,
BAU,14,2037,Techs_Taxi,E5TRTAX,,,,,,,,,,,,,,,,,,,,,,,,1.2468,,,,,
BAU,14,2038,Techs_Taxi,E5TRTAX,,,,,,,,,,,,,,,,,,,,,,,,1.2691,,,,,
BAU,14,2039,Techs_Taxi,E5TRTAX,,,,,,,,,,,,,,,,,,,,,,,,1.2913,,,,,
BAU,14,2040,Techs_Taxi,E5TRTAX,,,,,,,,,,,,,,,,,,,,,,,,1.3132,,,,,
BAU,14,2041,Techs_Taxi,E5TRTAX,,,,,,,,,,,,,,,,,,,,,,,,1.3397,,,,,
BAU,14,2042,Techs_Taxi,E5TRTAX,,,,,,,,,,,,,,,,,,,,,,,,1.3659,,,,,
BAU,14,2043,Techs_Taxi,E5TRTAX,,,,,,,,,,,,,,,,,,,,,,,,1.392,,,,,
BAU,14,2044,Techs_Taxi,E5TRTAX,,,,,,,,,,,,,,,,,,,,,,,,1.4178,,,,,
BAU,14,2045,Techs_Taxi,E5TRTAX,,,,,,,,,,,,,,,,,,,,,,,,1.4436,,,,,
BAU,14,2046,Techs_Taxi,E5TRTAX,,,,,,,,,,,,,,,,,,,,,,,,1.4724,,,,,
BAU,14,2047,Techs_Taxi,E5TRTAX,,,,,,,,,,,,,,,,,,,,,,,,1.501,,,,,
BAU,14,2048,Techs_Taxi,E5TRTAX,,,,,,,,,,,,,,,,,,,,,,,,1.5293,,,,,
BAU,14,2049,Techs_Taxi,E5TRTAX,,,,,,,,,,,,,,,,,,,,,,,,1.5575,,,,,
BAU,14,2050,Techs_Taxi,E5TRTAX,,,,,,,,,,,,,,,,,,,,,,,,1.5855,,,,,
BAU,14,2051,Techs_Taxi,E5TRTAX,,,,,,,,,,,,,,,,,,,,,,,,1.614,,,,,
BAU,14,2052,Techs_Taxi,E5TRTAX,,,,,,,,,,,,,,,,,,,,,,,,1.6431,,,,,
BAU,14,2053,Techs_Taxi,E5TRTAX,,,,,,,,,,,,,,,,,,,,,,,,1.6725,,,,,
BAU,14,2054,Techs_Taxi,E5TRTAX,,,,,,,,,,,,,,,,,,,,,,,,1.7025,,,,,
BAU,14,2055,Techs_Taxi,E5TRTAX,,,,,,,,,,,,,,,,,,,,,,,,1.733,,,,,
BAU,14,2021,Techs_Buses_Micro,E5TRMBS,,,,,,,,,,,,,,,,,,,,,,,,0.1085,,,,,
BAU,14,2022,Techs_Buses_Micro,E5TRMBS,,,,,,,,,,,,,,,,,,,,,,,,0.1174,,,,,
BAU,14,2023,Techs_Buses_Micro,E5TRMBS,,,,,,,,,,,,,,,,,,,,,,,,0.1229,,,,,
BAU,14,2024,Techs_Buses_Micro,E5TRMBS,,,,,,,,,,,,,,,,,,,,,,,,0.1253,,,,,
BAU,14,2025,Techs_Buses_Micro,E5TRMBS,,,,,,,,,,,,,,,,,,,,,,,,0.1277,,,,,
BAU,14,2026,Techs_Buses_Micro,E5TRMBS,,,,,,,,,,,,,,,,,,,,,,,,0.1301,,,,,
BAU,14,2027,Techs_Buses_Micro,E5TRMBS,,,,,,,,,,,,,,,,,,,,,,,,0.1322,,,,,
BAU,14,2028,Techs_Buses_Micro,E5TRMBS,,,,,,,,,,,,,,,,,,,,,,,,0.1342,,,,,
BAU,14,2029,Techs_Buses_Micro,E5TRMBS,,,,,,,,,,,,,,,,,,,,,,,,0.1363,,,,,
BAU,14,2030,Techs_Buses_Micro,E5TRMBS,,,,,,,,,,,,,,,,,,,,,,,,0.1384,,,,,
BAU,14,2031,Techs_Buses_Micro,E5TRMBS,,,,,,,,,,,,,,,,,,,,,,,,0.1406,,,,,
BAU,14,2032,Techs_Buses_Micro,E5TRMBS,,,,,,,,,,,,,,,,,,,,,,,,0.1429,,,,,
BAU,14,2033,Techs_Buses_Micro,E5TRMBS,,,,,,,,,,,,,,,,,,,,,,,,0.1452,,,,,
BAU,14,2034,Techs_Buses_Micro,E5TRMBS,,,,,,,,,,,,,,,,,,,,,,,,0.1474,,,,,
BAU,14,2035,Techs_Buses_Micro,E5TRMBS,,,,,,,,,,,,,,,,,,,,,,,,0.1497,,,,,
BAU,14,2036,Techs_Buses_Micro,E5TRMBS,,,,,,,,,,,,,,,,,,,,,,,,0.1525,,,,,
BAU,14,2037,Techs_Buses_Micro,E5TRMBS,,,,,,,,,,,,,,,,,,,,,,,,0.1553,,,,,
BAU,14,2038,Techs_Buses_Micro,E5TRMBS,,,,,,,,,,,,,,,,,,,,,,,,0.1581,,,,,
BAU,14,2039,Techs_Buses_Micro,E5TRMBS,,,,,,,,,,,,,,,,,,,,,,,,0.1609,,,,,
BAU,14,2040,Techs_Buses_Micro,E5TRMBS,,,,,,,,,,,,,,,,,,,,,,,,0.1636,,,,,
BAU,14,2041,Techs_Buses_Micro,E5TRMBS,,,,,,,,,,,,,,,,,,,,,,,,0.1669,,,,,
BAU,14,2042,Techs_Buses_Micro,E5TRMBS,,,,,,,,,,,,,,,,,,,,,,,,0.1701,,,,,
BAU,14,2043,Techs_Buses_Micro,E5TRMBS,,,,,,,,,,,,,,,,,,,,,,,,0.1734,,,,,
BAU,14,2044,Techs_Buses_Micro,E5TRMBS,,,,,,,,,,,,,,,,,,,,,,,,0.1766,,,,,
BAU,14,2045,Techs_Buses_Micro,E5TRMBS,,,,,,,,,,,,,,,,,,,,,,,,0.1799,,,,,
BAU,14,2046,Techs_Buses_Micro,E5TRMBS,,,,,,,,,,,,,,,,,,,,,,,,0.1835,,,,,
BAU,14,2047,Techs_Buses_Micro,E5TRMBS,,,,,,,,,,,,,,,,,,,,,,,,0.1869,,,,,
BAU,14,2048,Techs_Buses_Micro,E5TRMBS,,,,,,,,,,,,,,,,,,,,,,,,0.19070743,,,,,
BAU,14,2049,Techs_Buses_Micro,E5TRMBS,,,,,,,,,,,,,,,,,,,,,,,,0.194,,,,,
BAU,14,2050,Techs_Buses_Micro,E5TRMBS,,,,,,,,,,,,,,,,,,,,,,,,0.19763723,,,,,
BAU,14,2051,Techs_Buses_Micro,E5TRMBS,,,,,,,,,,,,,,,,,,,,,,,,0.2011,,,,,
BAU,14,2052,Techs_Buses_Micro,E5TRMBS,,,,,,,,,,,,,,,,,,,,,,,,0.20475035,,,,,
BAU,14,2053,Techs_Buses_Micro,E5TRMBS,,,,,,,,,,,,,,,,,,,,,,,,0.2083,,,,,
BAU,14,2054,Techs_Buses_Micro,E5TRMBS,,,,,,,,,,,,,,,,,,,,,,,,0.21215464,,,,,
BAU,14,2055,Techs_Buses_Micro,E5TRMBS,,,,,,,,,,,,,,,,,,,,,,,,0.21597541,,,,,
BAU,14,2021,Techs_Buses_Pub,E5TRBPU,,,,,,,,,,,,,,,,,,,,,,,,0.0058559266,,,,,
BAU,14,2022,Techs_Buses_Pub,E5TRBPU,,,,,,,,,,,,,,,,,,,,,,,,0.0063304126,,,,,
BAU,14,2023,Techs_Buses_Pub,E5TRBPU,,,,,,,,,,,,,,,,,,,,,,,,0.0066188217,,,,,
BAU,14,2024,Techs_Buses_Pub,E5TRBPU,,,,,,,,,,,,,,,,,,,,,,,,0.0067322762,,,,,
BAU,14,2025,Techs_Buses_Pub,E5TRBPU,,,,,,,,,,,,,,,,,,,,,,,,0.0069,,,,,
BAU,14,2026,Techs_Buses_Pub,E5TRBPU,,,,,,,,,,,,,,,,,,,,,,,,0.0070221224,,,,,
BAU,14,2027,Techs_Buses_Pub,E5TRBPU,,,,,,,,,,,,,,,,,,,,,,,,0.0071262028,,,,,
BAU,14,2028,Techs_Buses_Pub,E5TRBPU,,,,,,,,,,,,,,,,,,,,,,,,0.0073,,,,,
BAU,14,2029,Techs_Buses_Pub,E5TRBPU,,,,,,,,,,,,,,,,,,,,,,,,0.0073528007,,,,,
BAU,14,2030,Techs_Buses_Pub,E5TRBPU,,,,,,,,,,,,,,,,,,,,,,,,0.0074428951,,,,,
BAU,14,2031,Techs_Buses_Pub,E5TRBPU,,,,,,,,,,,,,,,,,,,,,,,,0.0076,,,,,
BAU,14,2032,Techs_Buses_Pub,E5TRBPU,,,,,,,,,,,,,,,,,,,,,,,,0.0077163741,,,,,
BAU,14,2033,Techs_Buses_Pub,E5TRBPU,,,,,,,,,,,,,,,,,,,,,,,,0.0078272867,,,,,
BAU,14,2034,Techs_Buses_Pub,E5TRBPU,,,,,,,,,,,,,,,,,,,,,,,,0.0079706224,,,,,
BAU,14,2035,Techs_Buses_Pub,E5TRBPU,,,,,,,,,,,,,,,,,,,,,,,,0.0081,,,,,
BAU,14,2036,Techs_Buses_Pub,E5TRBPU,,,,,,,,,,,,,,,,,,,,,,,,0.0082261364,,,,,
BAU,14,2037,Techs_Buses_Pub,E5TRBPU,,,,,,,,,,,,,,,,,,,,,,,,0.0083742343,,,,,
BAU,14,2038,Techs_Buses_Pub,E5TRBPU,,,,,,,,,,,,,,,,,,,,,,,,0.0085170874,,,,,
BAU,14,2039,Techs_Buses_Pub,E5TRBPU,,,,,,,,,,,,,,,,,,,,,,,,0.0087,,,,,
BAU,14,2040,Techs_Buses_Pub,E5TRBPU,,,,,,,,,,,,,,,,,,,,,,,,0.008808993,,,,,
BAU,14,2041,Techs_Buses_Pub,E5TRBPU,,,,,,,,,,,,,,,,,,,,,,,,0.009,,,,,
BAU,14,2042,Techs_Buses_Pub,E5TRBPU,,,,,,,,,,,,,,,,,,,,,,,,0.0092,,,,,
BAU,14,2043,Techs_Buses_Pub,E5TRBPU,,,,,,,,,,,,,,,,,,,,,,,,0.0093378252,,,,,
BAU,14,2044,Techs_Buses_Pub,E5TRBPU,,,,,,,,,,,,,,,,,,,,,,,,0.0095205664,,,,,
BAU,14,2045,Techs_Buses_Pub,E5TRBPU,,,,,,,,,,,,,,,,,,,,,,,,0.0096638916,,,,,
BAU,14,2046,Techs_Buses_Pub,E5TRBPU,,,,,,,,,,,,,,,,,,,,,,,,0.0099,,,,,
BAU,14,2047,Techs_Buses_Pub,E5TRBPU,,,,,,,,,,,,,,,,,,,,,,,,0.0101,,,,,
BAU,14,2048,Techs_Buses_Pub,E5TRBPU,,,,,,,,,,,,,,,,,,,,,,,,0.0102,,,,,
BAU,14,2049,Techs_Buses_Pub,E5TRBPU,,,,,,,,,,,,,,,,,,,,,,,,0.0105,,,,,
BAU,14,2050,Techs_Buses_Pub,E5TRBPU,,,,,,,,,,,,,,,,,,,,,,,,0.0106,,,,,
BAU,14,2051,Techs_Buses_Pub,E5TRBPU,,,,,,,,,,,,,,,,,,,,,,,,0.0109,,,,,
BAU,14,2052,Techs_Buses_Pub,E5TRBPU,,,,,,,,,,,,,,,,,,,,,,,,0.011,,,,,
BAU,14,2053,Techs_Buses_Pub,E5TRBPU,,,,,,,,,,,,,,,,,,,,,,,,0.0113,,,,,
BAU,14,2054,Techs_Buses_Pub,E5TRBPU,,,,,,,,,,,,,,,,,,,,,,,,0.0114,,,,,
BAU,14,2055,Techs_Buses_Pub,E5TRBPU,,,,,,,,,,,,,,,,,,,,,,,,0.0116,,,,,
BAU,14,2021,Techs_He_Freight,E5TRYTK,,,,,,,,,,,,,,,,,,,,,,,,1.1975,,,,,
BAU,14,2022,Techs_He_Freight,E5TRYTK,,,,,,,,,,,,,,,,,,,,,,,,1.2956,,,,,
BAU,14,2023,Techs_He_Freight,E5TRYTK,,,,,,,,,,,,,,,,,,,,,,,,1.3560036,,,,,
BAU,14,2024,Techs_He_Freight,E5TRYTK,,,,,,,,,,,,,,,,,,,,,,,,1.3820251,,,,,
BAU,14,2025,Techs_He_Freight,E5TRYTK,,,,,,,,,,,,,,,,,,,,,,,,1.4088,,,,,
BAU,14,2026,Techs_He_Freight,E5TRYTK,,,,,,,,,,,,,,,,,,,,,,,,1.435914,,,,,
BAU,14,2027,Techs_He_Freight,E5TRYTK,,,,,,,,,,,,,,,,,,,,,,,,1.4654839,,,,,
BAU,14,2028,Techs_He_Freight,E5TRYTK,,,,,,,,,,,,,,,,,,,,,,,,1.4952,,,,,
BAU,14,2029,Techs_He_Freight,E5TRYTK,,,,,,,,,,,,,,,,,,,,,,,,1.5249,,,,,
BAU,14,2030,Techs_He_Freight,E5TRYTK,,,,,,,,,,,,,,,,,,,,,,,,1.5547312,,,,,
BAU,14,2031,Techs_He_Freight,E5TRYTK,,,,,,,,,,,,,,,,,,,,,,,,1.5878047,,,,,
BAU,14,2032,Techs_He_Freight,E5TRYTK,,,,,,,,,,,,,,,,,,,,,,,,1.621,,,,,
BAU,14,2033,Techs_He_Freight,E5TRYTK,,,,,,,,,,,,,,,,,,,,,,,,1.6542473,,,,,
BAU,14,2034,Techs_He_Freight,E5TRYTK,,,,,,,,,,,,,,,,,,,,,,,,1.6876254,,,,,
BAU,14,2035,Techs_He_Freight,E5TRYTK,,,,,,,,,,,,,,,,,,,,,,,,1.7211022,,,,,
BAU,14,2036,Techs_He_Freight,E5TRYTK,,,,,,,,,,,,,,,,,,,,,,,,1.7615143,,,,,
BAU,14,2037,Techs_He_Freight,E5TRYTK,,,,,,,,,,,,,,,,,,,,,,,,1.8021,,,,,
BAU,14,2038,Techs_He_Freight,E5TRYTK,,,,,,,,,,,,,,,,,,,,,,,,1.842724,,,,,
BAU,14,2039,Techs_He_Freight,E5TRYTK,,,,,,,,,,,,,,,,,,,,,,,,1.8835125,,,,,
BAU,14,2040,Techs_He_Freight,E5TRYTK,,,,,,,,,,,,,,,,,,,,,,,,1.9245,,,,,
BAU,14,2041,Techs_He_Freight,E5TRYTK,,,,,,,,,,,,,,,,,,,,,,,,1.9723,,,,,
BAU,14,2042,Techs_He_Freight,E5TRYTK,,,,,,,,,,,,,,,,,,,,,,,,2.0202,,,,,
BAU,14,2043,Techs_He_Freight,E5TRYTK,,,,,,,,,,,,,,,,,,,,,,,,2.0683,,,,,
BAU,14,2044,Techs_He_Freight,E5TRYTK,,,,,,,,,,,,,,,,,,,,,,,,2.1165502,,,,,
BAU,14,2045,Techs_He_Freight,E5TRYTK,,,,,,,,,,,,,,,,,,,,,,,,2.165,,,,,
BAU,14,2046,Techs_He_Freight,E5TRYTK,,,,,,,,,,,,,,,,,,,,,,,,2.2185,,,,,
BAU,14,2047,Techs_He_Freight,E5TRYTK,,,,,,,,,,,,,,,,,,,,,,,,2.2721,,,,,
BAU,14,2048,Techs_He_Freight,E5TRYTK,,,,,,,,,,,,,,,,,,,,,,,,2.3259,,,,,
BAU,14,2049,Techs_He_Freight,E5TRYTK,,,,,,,,,,,,,,,,,,,,,,,,2.3799,,,,,
BAU,14,2050,Techs_He_Freight,E5TRYTK,,,,,,,,,,,,,,,,,,,,,,,,2.434,,,,,
BAU,14,2051,Techs_He_Freight,E5TRYTK,,,,,,,,,,,,,,,,,,,,,,,,2.4893548,,,,,
BAU,14,2052,Techs_He_Freight,E5TRYTK,,,,,,,,,,,,,,,,,,,,,,,,2.546,,,,,
BAU,14,2053,Techs_He_Freight,E5TRYTK,,,,,,,,,,,,,,,,,,,,,,,,2.6039,,,,,
BAU,14,2054,Techs_He_Freight,E5TRYTK,,,,,,,,,,,,,,,,,,,,,,,,2.6630556,,,,,
BAU,14,2055,Techs_He_Freight,E5TRYTK,,,,,,,,,,,,,,,,,,,,,,,,2.7236022,,,,,
BAU,14,2021,Techs_Li_Freight,E5TRYLF,,,,,,,,,,,,,,,,,,,,,,,,0.4435,,,,,
BAU,14,2022,Techs_Li_Freight,E5TRYLF,,,,,,,,,,,,,,,,,,,,,,,,0.47983871,,,,,
BAU,14,2023,Techs_Li_Freight,E5TRYLF,,,,,,,,,,,,,,,,,,,,,,,,0.5022043,,,,,
BAU,14,2024,Techs_Li_Freight,E5TRYLF,,,,,,,,,,,,,,,,,,,,,,,,0.5119,,,,,
BAU,14,2025,Techs_Li_Freight,E5TRYLF,,,,,,,,,,,,,,,,,,,,,,,,0.5218,,,,,
BAU,14,2026,Techs_Li_Freight,E5TRYLF,,,,,,,,,,,,,,,,,,,,,,,,0.53182796,,,,,
BAU,14,2027,Techs_Li_Freight,E5TRYLF,,,,,,,,,,,,,,,,,,,,,,,,0.5428,,,,,
BAU,14,2028,Techs_Li_Freight,E5TRYLF,,,,,,,,,,,,,,,,,,,,,,,,0.55376344,,,,,
BAU,14,2029,Techs_Li_Freight,E5TRYLF,,,,,,,,,,,,,,,,,,,,,,,,0.56473118,,,,,
BAU,14,2030,Techs_Li_Freight,E5TRYLF,,,,,,,,,,,,,,,,,,,,,,,,0.57580645,,,,,
BAU,14,2031,Techs_Li_Freight,E5TRYLF,,,,,,,,,,,,,,,,,,,,,,,,0.58811828,,,,,
BAU,14,2032,Techs_Li_Freight,E5TRYLF,,,,,,,,,,,,,,,,,,,,,,,,0.6004,,,,,
BAU,14,2033,Techs_Li_Freight,E5TRYLF,,,,,,,,,,,,,,,,,,,,,,,,0.6127,,,,,
BAU,14,2034,Techs_Li_Freight,E5TRYLF,,,,,,,,,,,,,,,,,,,,,,,,0.62505376,,,,,
BAU,14,2035,Techs_Li_Freight,E5TRYLF,,,,,,,,,,,,,,,,,,,,,,,,0.6375,,,,,
BAU,14,2036,Techs_Li_Freight,E5TRYLF,,,,,,,,,,,,,,,,,,,,,,,,0.65241935,,,,,
BAU,14,2037,Techs_Li_Freight,E5TRYLF,,,,,,,,,,,,,,,,,,,,,,,,0.66741935,,,,,
BAU,14,2038,Techs_Li_Freight,E5TRYLF,,,,,,,,,,,,,,,,,,,,,,,,0.6825,,,,,
BAU,14,2039,Techs_Li_Freight,E5TRYLF,,,,,,,,,,,,,,,,,,,,,,,,0.69763441,,,,,
BAU,14,2040,Techs_Li_Freight,E5TRYLF,,,,,,,,,,,,,,,,,,,,,,,,0.7128,,,,,
BAU,14,2041,Techs_Li_Freight,E5TRYLF,,,,,,,,,,,,,,,,,,,,,,,,0.73048387,,,,,
BAU,14,2042,Techs_Li_Freight,E5TRYLF,,,,,,,,,,,,,,,,,,,,,,,,0.7483,,,,,
BAU,14,2043,Techs_Li_Freight,E5TRYLF,,,,,,,,,,,,,,,,,,,,,,,,0.76602151,,,,,
BAU,14,2044,Techs_Li_Freight,E5TRYLF,,,,,,,,,,,,,,,,,,,,,,,,0.78387097,,,,,
BAU,14,2045,Techs_Li_Freight,E5TRYLF,,,,,,,,,,,,,,,,,,,,,,,,0.8019,,,,,
BAU,14,2046,Techs_Li_Freight,E5TRYLF,,,,,,,,,,,,,,,,,,,,,,,,0.8217,,,,,
BAU,14,2047,Techs_Li_Freight,E5TRYLF,,,,,,,,,,,,,,,,,,,,,,,,0.84150538,,,,,
BAU,14,2048,Techs_Li_Freight,E5TRYLF,,,,,,,,,,,,,,,,,,,,,,,,0.86145161,,,,,
BAU,14,2049,Techs_Li_Freight,E5TRYLF,,,,,,,,,,,,,,,,,,,,,,,,0.8814,,,,,
BAU,14,2050,Techs_Li_Freight,E5TRYLF,,,,,,,,,,,,,,,,,,,,,,,,0.90150538,,,,,
BAU,14,2051,Techs_Li_Freight,E5TRYLF,,,,,,,,,,,,,,,,,,,,,,,,0.922,,,,,
BAU,14,2052,Techs_Li_Freight,E5TRYLF,,,,,,,,,,,,,,,,,,,,,,,,0.94295699,,,,,
BAU,14,2053,Techs_Li_Freight,E5TRYLF,,,,,,,,,,,,,,,,,,,,,,,,0.9644086,,,,,
BAU,14,2054,Techs_Li_Freight,E5TRYLF,,,,,,,,,,,,,,,,,,,,,,,,0.9863,,,,,
BAU,14,2055,Techs_Li_Freight,E5TRYLF,,,,,,,,,,,,,,,,,,,,,,,,1.0088,,,,,
BAU,14,2021,Techs_Maritime,E5TRMAR,,,,,,,,,,,,,,,,,,,,,,,,1.0819,,,,,
BAU,14,2022,Techs_Maritime,E5TRMAR,,,,,,,,,,,,,,,,,,,,,,,,1.1705,,,,,
BAU,14,2023,Techs_Maritime,E5TRMAR,,,,,,,,,,,,,,,,,,,,,,,,1.2251,,,,,
BAU,14,2024,Techs_Maritime,E5TRMAR,,,,,,,,,,,,,,,,,,,,,,,,1.2486,,,,,
BAU,14,2025,Techs_Maritime,E5TRMAR,,,,,,,,,,,,,,,,,,,,,,,,1.2728,,,,,
BAU,14,2026,Techs_Maritime,E5TRMAR,,,,,,,,,,,,,,,,,,,,,,,,1.2973,,,,,
BAU,14,2027,Techs_Maritime,E5TRMAR,,,,,,,,,,,,,,,,,,,,,,,,1.3218,,,,,
BAU,14,2028,Techs_Maritime,E5TRMAR,,,,,,,,,,,,,,,,,,,,,,,,1.3463,,,,,
BAU,14,2029,Techs_Maritime,E5TRMAR,,,,,,,,,,,,,,,,,,,,,,,,1.3708,,,,,
BAU,14,2030,Techs_Maritime,E5TRMAR,,,,,,,,,,,,,,,,,,,,,,,,1.3953,,,,,
BAU,14,2031,Techs_Maritime,E5TRMAR,,,,,,,,,,,,,,,,,,,,,,,,1.4226,,,,,
BAU,14,2032,Techs_Maritime,E5TRMAR,,,,,,,,,,,,,,,,,,,,,,,,1.45,,,,,
BAU,14,2033,Techs_Maritime,E5TRMAR,,,,,,,,,,,,,,,,,,,,,,,,1.4773,,,,,
BAU,14,2034,Techs_Maritime,E5TRMAR,,,,,,,,,,,,,,,,,,,,,,,,1.5046,,,,,
BAU,14,2035,Techs_Maritime,E5TRMAR,,,,,,,,,,,,,,,,,,,,,,,,1.5319,,,,,
BAU,14,2036,Techs_Maritime,E5TRMAR,,,,,,,,,,,,,,,,,,,,,,,,1.5653,,,,,
BAU,14,2037,Techs_Maritime,E5TRMAR,,,,,,,,,,,,,,,,,,,,,,,,1.5987,,,,,
BAU,14,2038,Techs_Maritime,E5TRMAR,,,,,,,,,,,,,,,,,,,,,,,,1.6321,,,,,
BAU,14,2039,Techs_Maritime,E5TRMAR,,,,,,,,,,,,,,,,,,,,,,,,1.6655,,,,,
BAU,14,2040,Techs_Maritime,E5TRMAR,,,,,,,,,,,,,,,,,,,,,,,,1.6989,,,,,
BAU,14,2041,Techs_Maritime,E5TRMAR,,,,,,,,,,,,,,,,,,,,,,,,1.7383,,,,,
BAU,14,2042,Techs_Maritime,E5TRMAR,,,,,,,,,,,,,,,,,,,,,,,,1.7777,,,,,
BAU,14,2043,Techs_Maritime,E5TRMAR,,,,,,,,,,,,,,,,,,,,,,,,1.817,,,,,
BAU,14,2044,Techs_Maritime,E5TRMAR,,,,,,,,,,,,,,,,,,,,,,,,1.8564,,,,,
BAU,14,2045,Techs_Maritime,E5TRMAR,,,,,,,,,,,,,,,,,,,,,,,,1.8958,,,,,
BAU,14,2046,Techs_Maritime,E5TRMAR,,,,,,,,,,,,,,,,,,,,,,,,1.9395,,,,,
BAU,14,2047,Techs_Maritime,E5TRMAR,,,,,,,,,,,,,,,,,,,,,,,,1.9832,,,,,
BAU,14,2048,Techs_Maritime,E5TRMAR,,,,,,,,,,,,,,,,,,,,,,,,2.0269,,,,,
BAU,14,2049,Techs_Maritime,E5TRMAR,,,,,,,,,,,,,,,,,,,,,,,,2.0706,,,,,
BAU,14,2050,Techs_Maritime,E5TRMAR,,,,,,,,,,,,,,,,,,,,,,,,2.1143,,,,,
BAU,14,2051,Techs_Maritime,E5TRMAR,,,,,,,,,,,,,,,,,,,,,,,,2.1589,,,,,
BAU,14,2052,Techs_Maritime,E5TRMAR,,,,,,,,,,,,,,,,,,,,,,,,2.2045,,,,,
BAU,14,2053,Techs_Maritime,E5TRMAR,,,,,,,,,,,,,,,,,,,,,,,,2.251,,,,,
BAU,14,2054,Techs_Maritime,E5TRMAR,,,,,,,,,,,,,,,,,,,,,,,,2.2985,,,,,
BAU,14,2055,Techs_Maritime,E5TRMAR,,,,,,,,,,,,,,,,,,,,,,,,2.347,,,,,
BAU,14,2021,Techs_Maritime_Freight,E5TRMAMFRE,,,,,,,,,,,,,,,,,,,,,,,,1.0819,,,,,
BAU,14,2022,Techs_Maritime_Freight,E5TRMAMFRE,,,,,,,,,,,,,,,,,,,,,,,,1.1705,,,,,
BAU,14,2023,Techs_Maritime_Freight,E5TRMAMFRE,,,,,,,,,,,,,,,,,,,,,,,,1.2251,,,,,
BAU,14,2024,Techs_Maritime_Freight,E5TRMAMFRE,,,,,,,,,,,,,,,,,,,,,,,,1.2486,,,,,
BAU,14,2025,Techs_Maritime_Freight,E5TRMAMFRE,,,,,,,,,,,,,,,,,,,,,,,,1.2728,,,,,
BAU,14,2026,Techs_Maritime_Freight,E5TRMAMFRE,,,,,,,,,,,,,,,,,,,,,,,,1.2973,,,,,
BAU,14,2027,Techs_Maritime_Freight,E5TRMAMFRE,,,,,,,,,,,,,,,,,,,,,,,,1.3218,,,,,
BAU,14,2028,Techs_Maritime_Freight,E5TRMAMFRE,,,,,,,,,,,,,,,,,,,,,,,,1.3463,,,,,
BAU,14,2029,Techs_Maritime_Freight,E5TRMAMFRE,,,,,,,,,,,,,,,,,,,,,,,,1.3708,,,,,
BAU,14,2030,Techs_Maritime_Freight,E5TRMAMFRE,,,,,,,,,,,,,,,,,,,,,,,,1.3953,,,,,
BAU,14,2031,Techs_Maritime_Freight,E5TRMAMFRE,,,,,,,,,,,,,,,,,,,,,,,,1.4226,,,,,
BAU,14,2032,Techs_Maritime_Freight,E5TRMAMFRE,,,,,,,,,,,,,,,,,,,,,,,,1.45,,,,,
BAU,14,2033,Techs_Maritime_Freight,E5TRMAMFRE,,,,,,,,,,,,,,,,,,,,,,,,1.4773,,,,,
BAU,14,2034,Techs_Maritime_Freight,E5TRMAMFRE,,,,,,,,,,,,,,,,,,,,,,,,1.5046,,,,,
BAU,14,2035,Techs_Maritime_Freight,E5TRMAMFRE,,,,,,,,,,,,,,,,,,,,,,,,1.5319,,,,,
BAU,14,2036,Techs_Maritime_Freight,E5TRMAMFRE,,,,,,,,,,,,,,,,,,,,,,,,1.5653,,,,,
BAU,14,2037,Techs_Maritime_Freight,E5TRMAMFRE,,,,,,,,,,,,,,,,,,,,,,,,1.5987,,,,,
BAU,14,2038,Techs_Maritime_Freight,E5TRMAMFRE,,,,,,,,,,,,,,,,,,,,,,,,1.6321,,,,,
BAU,14,2039,Techs_Maritime_Freight,E5TRMAMFRE,,,,,,,,,,,,,,,,,,,,,,,,1.6655,,,,,
BAU,14,2040,Techs_Maritime_Freight,E5TRMAMFRE,,,,,,,,,,,,,,,,,,,,,,,,1.6989,,,,,
BAU,14,2041,Techs_Maritime_Freight,E5TRMAMFRE,,,,,,,,,,,,,,,,,,,,,,,,1.7383,,,,,
BAU,14,2042,Techs_Maritime_Freight,E5TRMAMFRE,,,,,,,,,,,,,,,,,,,,,,,,1.7777,,,,,
BAU,14,2043,Techs_Maritime_Freight,E5TRMAMFRE,,,,,,,,,,,,,,,,,,,,,,,,1.817,,,,,
BAU,14,2044,Techs_Maritime_Freight,E5TRMAMFRE,,,,,,,,,,,,,,,,,,,,,,,,1.8564,,,,,
BAU,14,2045,Techs_Maritime_Freight,E5TRMAMFRE,,,,,,,,,,,,,,,,,,,,,,,,1.8958,,,,,
BAU,14,2046,Techs_Maritime_Freight,E5TRMAMFRE,,,,,,,,,,,,,,,,,,,,,,,,1.9395,,,,,
BAU,14,2047,Techs_Maritime_Freight,E5TRMAMFRE,,,,,,,,,,,,,,,,,,,,,,,,1.9832,,,,,
BAU,14,2048,Techs_Maritime_Freight,E5TRMAMFRE,,,,,,,,,,,,,,,,,,,,,,,,2.0269,,,,,
BAU,14,2049,Techs_Maritime_Freight,E5TRMAMFRE,,,,,,,,,,,,,,,,,,,,,,,,2.0706,,,,,
BAU,14,2050,Techs_Maritime_Freight,E5TRMAMFRE,,,,,,,,,,,,,,,,,,,,,,,,2.1143,,,,,
BAU,14,2051,Techs_Maritime_Freight,E5TRMAMFRE,,,,,,,,,,,,,,,,,,,,,,,,2.1589,,,,,
BAU,14,2052,Techs_Maritime_Freight,E5TRMAMFRE,,,,,,,,,,,,,,,,,,,,,,,,2.2045,,,,,
BAU,14,2053,Techs_Maritime_Freight,E5TRMAMFRE,,,,,,,,,,,,,,,,,,,,,,,,2.251,,,,,
BAU,14,2054,Techs_Maritime_Freight,E5TRMAMFRE,,,,,,,,,,,,,,,,,,,,,,,,2.2985,,,,,
BAU,14,2055,Techs_Maritime_Freight,E5TRMAMFRE,,,,,,,,,,,,,,,,,,,,,,,,2.347,,,,,
BAU,14,2021,Techs_Aviation,E5TRAV,,,,,,,,,,,,,,,,,,,,,,,,1.0819,,,,,
BAU,14,2022,Techs_Aviation,E5TRAV,,,,,,,,,,,,,,,,,,,,,,,,1.1705,,,,,
BAU,14,2023,Techs_Aviation,E5TRAV,,,,,,,,,,,,,,,,,,,,,,,,1.2251,,,,,
BAU,14,2024,Techs_Aviation,E5TRAV,,,,,,,,,,,,,,,,,,,,,,,,1.2486,,,,,
BAU,14,2025,Techs_Aviation,E5TRAV,,,,,,,,,,,,,,,,,,,,,,,,1.2728,,,,,
BAU,14,2026,Techs_Aviation,E5TRAV,,,,,,,,,,,,,,,,,,,,,,,,1.2973,,,,,
BAU,14,2027,Techs_Aviation,E5TRAV,,,,,,,,,,,,,,,,,,,,,,,,1.3218,,,,,
BAU,14,2028,Techs_Aviation,E5TRAV,,,,,,,,,,,,,,,,,,,,,,,,1.3463,,,,,
BAU,14,2029,Techs_Aviation,E5TRAV,,,,,,,,,,,,,,,,,,,,,,,,1.3708,,,,,
BAU,14,2030,Techs_Aviation,E5TRAV,,,,,,,,,,,,,,,,,,,,,,,,1.3953,,,,,
BAU,14,2031,Techs_Aviation,E5TRAV,,,,,,,,,,,,,,,,,,,,,,,,1.4226,,,,,
BAU,14,2032,Techs_Aviation,E5TRAV,,,,,,,,,,,,,,,,,,,,,,,,1.45,,,,,
BAU,14,2033,Techs_Aviation,E5TRAV,,,,,,,,,,,,,,,,,,,,,,,,1.4773,,,,,
BAU,14,2034,Techs_Aviation,E5TRAV,,,,,,,,,,,,,,,,,,,,,,,,1.5046,,,,,
BAU,14,2035,Techs_Aviation,E5TRAV,,,,,,,,,,,,,,,,,,,,,,,,1.5319,,,,,
BAU,14,2036,Techs_Aviation,E5TRAV,,,,,,,,,,,,,,,,,,,,,,,,1.5653,,,,,
BAU,14,2037,Techs_Aviation,E5TRAV,,,,,,,,,,,,,,,,,,,,,,,,1.5987,,,,,
BAU,14,2038,Techs_Aviation,E5TRAV,,,,,,,,,,,,,,,,,,,,,,,,1.6321,,,,,
BAU,14,2039,Techs_Aviation,E5TRAV,,,,,,,,,,,,,,,,,,,,,,,,1.6655,,,,,
BAU,14,2040,Techs_Aviation,E5TRAV,,,,,,,,,,,,,,,,,,,,,,,,1.6989,,,,,
BAU,14,2041,Techs_Aviation,E5TRAV,,,,,,,,,,,,,,,,,,,,,,,,1.7383,,,,,
BAU,14,2042,Techs_Aviation,E5TRAV,,,,,,,,,,,,,,,,,,,,,,,,1.7777,,,,,
BAU,14,2043,Techs_Aviation,E5TRAV,,,,,,,,,,,,,,,,,,,,,,,,1.817,,,,,
BAU,14,2044,Techs_Aviation,E5TRAV,,,,,,,,,,,,,,,,,,,,,,,,1.8564,,,,,
BAU,14,2045,Techs_Aviation,E5TRAV,,,,,,,,,,,,,,,,,,,,,,,,1.8958,,,,,
BAU,14,2046,Techs_Aviation,E5TRAV,,,,,,,,,,,,,,,,,,,,,,,,1.9395,,,,,
BAU,14,2047,Techs_Aviation,E5TRAV,,,,,,,,,,,,,,,,,,,,,,,,1.9832,,,,,
BAU,14,2048,Techs_Aviation,E5TRAV,,,,,,,,,,,,,,,,,,,,,,,,2.0269,,,,,
BAU,14,2049,Techs_Aviation,E5TRAV,,,,,,,,,,,,,,,,,,,,,,,,2.0706,,,,,
BAU,14,2050,Techs_Aviation,E5TRAV,,,,,,,,,,,,,,,,,,,,,,,,2.1143,,,,,
BAU,14,2051,Techs_Aviation,E5TRAV,,,,,,,,,,,,,,,,,,,,,,,,2.1589,,,,,
BAU,14,2052,Techs_Aviation,E5TRAV,,,,,,,,,,,,,,,,,,,,,,,,2.2045,,,,,
BAU,14,2053,Techs_Aviation,E5TRAV,,,,,,,,,,,,,,,,,,,,,,,,2.251,,,,,
BAU,14,2054,Techs_Aviation,E5TRAV,,,,,,,,,,,,,,,,,,,,,,,,2.2985,,,,,
BAU,14,2055,Techs_Aviation,E5TRAV,,,,,,,,,,,,,,,,,,,,,,,,2.347,,,,,
